880
2257
1585
894
991
2225
2257
247
1325
1413
2121
2218
936
1715
2225
1242
73
767
1415
2121
1441
1826
216
2090
1466
2225
1142
99
55
57
1230
2051
1472
1069
1366
1069
1926
813
1359
631
1795
2112
400
549
1086
1976
542
1034
261
2051
2023
2051
2023
1167
2051
2023
2051
2023
2051
2023
2051
2023
2051
2023
1653
1683
1214
1883
1683
978
373
1425
1927
1447
793
1230
1230
1150
2220
1732
793
1452
1653
1145
793
1094
744
1452
1392
1401
567
793
1167
1845
1004
1289
1150
218
1593
392
1906
746
1150
218
1150
218
1150
631
1373
767
1953
831
1837
1554
2051
1577
1517
1480
182
2144
758
2144
1991
1415
2055
2144
1095
1895
1757
1802
1608
853
2124
1530
34
778
90
1837
2061
1084
1913
1393
1405
1351
1131
2185
1054
766
478
1845
434
1781
109
109
56
56
56
34
1466
56
1781
657
1781
752
1800
1938
1938
56
992
853
736
280
1927
2222
752
1938
797
575
1210
107
659
1012
614
1250
1230
1150
752
2113
1286
2166
622
1437
1758
1617
1956
129
1081
5
1417
1401
539
752
2277
2236
2183
1635
734
1012
2023
982
1809
1392
1289
153
1257
2115
655
373
1452
171
628
1734
1603
49
2144
2144
1274
820
1415
2004
2144
2003
1452
1042
2144
2098
505
1452
1146
1927
1905
1210
1012
688
2144
797
1823
34
793
1014
773
1873
556
153
550
1719
1148
2144
793
1668
1957
1926
479
1628
746
1999
1506
201
1230
759
500
1221
2051
1230
759
500
1221
2051
1635
1415
216
1012
845
631
1809
1303
478
2154
2226
1414
85
952
1385
790
1126
699
2238
2257
183
1303
1289
1945
1927
1237
734
531
1289
1732
1132
1732
797
1826
2183
1012
2023
896
758
182
135
252
469
631
845
1826
487
1732
117
611
1882
402
1780
2006
349
1927
1278
1845
1779
915
1274
1845
1604
865
63
478
2048
515
478
1046
1210
216
1150
824
1877
2078
2258
107
2026
1845
897
1517
2187
734
703
1184
216
1012
1857
736
2258
1254
110
24
1
1933
1395
2172
646
619
1103
2251
328
1857
2258
1254
1879
1857
2258
1254
74
1826
1257
1353
1154
2223
1713
1927
1706
376
893
597
982
128
2156
1289
1732
945
1289
736
2076
410
152
831
222
36
1303
831
1100
1289
1493
1150
218
1094
797
1100
1919
845
2272
164
982
107
1145
1289
815
1303
831
744
535
641
1927
631
1289
94
148
2241
2147
793
1094
1303
831
271
921
614
2262
317
2257
2028
1103
2251
2021
1635
855
1933
1929
1879
1775
605
1621
1847
1927
1296
613
1933
811
820
1268
1847
1506
252
1550
590
1933
1020
1776
2182
2257
2099
880
566
766
2133
2151
221
1327
534
1927
369
746
953
2139
2045
1792
2006
1517
2272
996
746
1154
1919
845
1845
2026
1732
1150
218
797
2257
932
631
839
1569
1276
682
1462
746
1826
1635
218
1012
216
1683
1845
314
1150
218
1289
2026
1184
1012
1683
1845
1826
2182
622
1289
107
840
452
521
1662
1616
1230
759
2001
2051
982
1221
1263
1845
1257
1230
759
500
1221
2051
880
1303
1289
107
2237
1835
631
1988
1813
1228
1927
1535
1926
362
1927
1845
1428
1128
465
2257
252
1554
101
2038
2144
1582
1274
1609
631
1254
999
525
646
2150
538
528
528
554
554
514
2258
1254
216
2161
1889
2161
1981
1385
1210
410
221
992
992
752
797
1395
1493
1887
1331
365
514
554
514
2258
1254
1271
1303
2223
1779
2114
880
1604
758
135
845
1927
478
758
1281
348
607
1895
668
1261
252
962
766
2257
277
1609
1289
107
880
766
611
1849
1787
353
1981
1210
880
2223
1012
153
421
549
1086
1353
1926
1506
1959
1637
1710
819
1951
34
192
261
819
639
34
660
261
34
192
2144
261
34
192
442
349
2006
1861
442
349
1899
261
34
2006
91
860
442
349
2006
91
1466
442
349
2258
2144
2006
91
442
349
2006
91
442
349
2006
91
442
349
2006
91
2258
442
349
1899
261
34
2006
91
2258
442
349
2006
91
2258
442
349
1899
2006
91
2006
91
2258
442
349
2006
2258
442
349
2006
2258
442
349
2006
442
349
2006
91
2258
1398
442
349
2006
91
2258
442
349
1899
2006
91
2258
2006
91
2258
442
349
2006
91
2258
1466
442
349
2258
2144
2006
91
2258
442
349
2006
91
2258
442
349
1899
2006
91
2258
2006
91
2258
442
349
1347
1466
442
349
1347
1466
442
349
2258
2144
1347
442
349
2006
442
349
261
442
349
1899
2006
261
442
349
1899
2006
261
442
349
261
2144
261
442
349
2051
216
2051
216
2051
216
86
2051
216
2028
2028
2028
392
2028
1466
261
819
1466
442
349
1344
1145
845
1569
1710
793
1094
1826
932
1167
1845
984
1289
1710
917
216
514
216
2257
1710
736
699
1207
831
2076
932
1845
183
1224
1167
1205
2248
264
2129
1926
839
471
1470
2144
2273
1459
167
2060
1081
1762
1360
1360
34
373
1020
1081
1762
2007
725
1230
932
1491
1845
725
373
1569
2077
1069
1166
758
1870
1833
1927
69
758
1870
1833
1833
1833
349
758
1833
1927
1837
2051
714
1569
762
2051
1013
373
1569
373
1276
531
2029
415
1927
1833
1833
69
1833
758
1870
1383
758
1833
69
1870
1151
69
2266
1833
1668
1668
1870
1833
1833
1962
1962
1870
1962
2266
1927
2026
701
85
1649
109
151
1522
1184
69
341
641
151
2216
410
1666
1649
1522
69
845
1683
1616
1880
853
1091
498
69
1063
1968
845
1795
1185
1498
1091
136
1740
1296
270
631
846
1616
1145
430
1845
373
2081
2289
633
816
549
288
127
1224
410
2115
633
69
362
2144
1775
2101
2144
845
850
1145
1447
48
2124
1870
619
824
1230
1577
845
187
631
813
1826
845
127
1214
2132
1845
1371
1167
1554
1214
1076
617
780
2266
1076
1076
617
2266
1076
377
1654
2146
2144
509
1076
34
2150
785
979
1106
1452
1076
954
1423
785
1692
1695
1973
156
215
305
1180
2214
1076
665
2266
1076
2150
665
1076
2266
1076
1076
1076
2144
793
2257
542
641
2174
476
496
2266
1076
1076
384
373
1569
127
845
223
1826
1037
1919
845
2081
2241
2081
1210
433
533
719
2187
819
1452
2187
680
2037
1478
2081
1733
1683
1287
251
1845
874
144
1927
176
2003
711
767
1527
1904
2081
1915
1244
144
546
2081
743
455
2081
1588
1497
373
1628
493
838
433
1378
549
533
1926
2120
1683
1784
595
771
239
533
1919
433
1845
433
1736
533
771
2187
373
1214
2034
1683
350
595
1081
719
1707
136
771
317
614
631
326
69
1114
2266
69
145
1057
151
69
2266
509
1057
12
2144
607
2266
300
151
1479
151
1030
555
2144
1988
555
2144
2266
1057
680
632
1732
628
595
1811
1268
2023
766
655
680
632
1732
680
632
151
1030
2160
1027
1255
548
1732
680
632
1027
1255
1214
1296
595
771
2077
2010
2144
433
1101
533
771
1558
1101
533
614
1683
595
1784
1214
1272
433
1274
19
1445
1726
1081
433
1904
404
208
1205
893
50
433
1904
1683
50
682
1491
1732
373
1145
1248
845
224
2039
1554
1927
1851
2051
426
2051
426
1069
2051
426
2175
2051
2051
2051
1546
2051
2051
1027
2051
1027
216
1870
1501
1501
1870
2186
2186
1501
483
34
1501
170
1833
1546
1546
1546
1833
1833
797
170
1546
2186
2186
483
483
170
170
1870
151
882
1322
1057
410
151
151
151
792
596
1466
1870
1990
1027
1990
793
1990
657
1870
1870
1990
151
1870
170
860
792
151
151
793
151
792
596
1466
1870
1990
1027
1990
793
1990
657
1870
1870
1990
151
1870
170
860
792
483
1927
1817
2270
402
1160
1187
1903
343
2023
1415
1711
819
1835
880
402
107
305
1354
1145
1569
2257
936
265
2085
915
185
1651
682
1569
2257
469
936
469
1508
1595
2195
932
1167
1845
1826
1230
2051
265
1230
2051
265
2051
258
1230
2051
265
2051
2051
839
1683
631
1845
265
1855
1167
366
1683
621
1683
2175
322
434
927
1249
1927
1458
469
884
973
350
479
1276
1845
57
2257
1651
265
1569
1547
936
2237
845
839
1569
1826
373
1214
631
1683
1826
845
127
1214
365
845
736
311
1845
1058
1747
1173
231
1978
1484
924
1008
1927
481
151
34
432
729
1870
729
1203
729
793
729
657
729
1203
705
1926
1203
729
793
729
657
729
1203
705
1926
1927
1452
2144
1926
1990
2257
1433
151
1057
2257
109
1990
563
567
129
1114
870
1870
1988
207
151
1008
1238
1452
889
402
1990
1870
359
151
924
1867
216
762
2051
216
736
2202
1069
1837
2051
1472
1069
1366
1069
924
880
924
924
1271
471
1452
2026
151
34
924
576
184
729
2090
305
279
1845
1953
2132
2037
2184
243
845
212
1317
1160
2090
754
896
1511
80
1635
1484
924
1008
1282
1114
359
868
151
1008
1813
1916
687
1004
845
1484
2237
845
1572
1978
978
2015
2278
845
85
945
1990
618
151
1057
1433
151
34
151
264
450
1870
902
151
1057
746
2278
1433
151
1452
2189
2257
1939
1433
968
687
945
1990
1433
151
622
151
1008
2090
746
1276
968
687
2090
243
2188
252
1554
2098
1548
2257
1683
1779
1104
805
216
1452
1833
151
1057
1927
1870
1870
1199
968
1870
1199
1774
1081
1199
1774
793
1199
1199
793
746
1199
349
1101
2091
1870
1826
845
1917
127
1272
1344
1145
1649
170
743
1826
1350
1926
1526
793
107
2026
701
1692
2257
129
1626
172
1238
641
1281
129
2005
2245
515
369
1373
537
743
793
1626
172
1919
845
112
1826
1826
1159
845
127
1214
373
1826
1919
845
311
1845
2247
845
845
128
1330
1249
904
1289
1154
63
774
2258
133
216
514
631
764
2043
1870
936
1747
514
265
1230
2051
714
265
1747
514
64
2258
133
216
1409
2257
1466
421
754
567
2028
351
1747
1826
391
1123
76
1409
1456
1373
1058
1173
1466
614
631
216
2028
351
736
1692
1076
542
1221
216
2258
1530
2051
216
2258
725
1409
1145
736
1877
631
216
351
71
631
216
2028
351
71
631
1214
1683
1214
1683
1569
845
86
1845
915
326
1826
845
127
1569
373
1214
373
1569
1919
845
1331
131
349
2159
509
2241
225
1466
300
2192
1276
1407
485
407
349
1331
534
542
2062
349
2159
1650
1927
1698
1134
2257
304
1276
392
1181
2017
896
231
1415
1613
1506
131
1232
1536
1084
786
1779
1825
1526
1927
1344
1927
2257
1927
152
1947
314
679
1473
2282
1194
947
450
768
1837
2051
1472
1069
1366
1069
373
1214
1870
426
1252
1990
1151
410
2005
216
1415
1023
1103
185
1870
1409
736
185
55
426
1383
1385
1889
1870
426
917
1242
781
1004
439
109
2188
216
1431
86
426
2214
1927
1476
791
185
1990
1262
1172
538
1023
1466
1702
1498
860
928
109
49
2003
2279
1141
1927
2260
216
1409
1822
1409
289
2051
2264
392
1904
1838
1904
1493
570
1303
1870
570
2051
1870
2125
570
2051
2264
1103
570
2051
2264
570
2051
2264
1226
109
1762
2125
1230
2051
895
12
2257
1237
1081
847
1230
2051
895
12
2051
2051
2051
2125
2051
1466
2258
2144
2051
2051
2051
2051
1182
2051
2051
2264
1103
109
2006
848
2144
2006
848
1823
2006
848
1823
261
848
2144
1823
2144
2051
2264
1823
2051
2264
860
2051
2264
1348
1348
2051
2264
1348
1348
2051
2264
235
1466
235
2051
2264
1348
860
1348
2051
2264
1348
860
1348
2051
2264
860
2051
2264
1226
1946
1466
1946
2051
2264
1226
1226
1946
1226
2051
2264
1226
1226
165
1226
2006
848
2144
2006
848
1823
2006
848
1823
261
848
2144
1823
2144
2051
2264
1823
2051
2264
860
2051
2264
1348
1348
2051
2264
1348
1348
2051
2264
235
1466
235
2051
2264
1348
860
1348
2051
2264
1348
860
1348
2051
2264
860
2051
2264
1226
1466
261
819
1466
819
1034
1347
2051
1347
54
1347
54
1347
54
1347
828
54
828
1347
828
54
828
2006
1347
2006
1347
1230
2006
1347
1230
2006
1347
1230
2006
1347
1230
2006
1347
1614
1230
2006
1347
1614
1230
2006
1347
1614
1230
54
2006
1347
1614
1230
2051
1926
1434
1990
1141
1927
201
1498
1303
831
831
2288
816
216
1106
1415
652
1900
1672
1430
820
784
1383
2141
1826
553
797
1430
490
2141
2077
1479
2120
415
736
2200
1479
1498
1696
1379
1286
1498
2112
1653
978
936
978
1696
795
1732
1498
2112
1926
76
1845
283
391
2173
2279
1076
831
1303
831
1152
1230
1230
1702
1230
1230
1664
1230
282
860
1409
1415
2279
1498
1230
1409
1822
1409
860
109
2028
1023
2003
1762
2125
1230
2051
895
12
2257
1237
1081
847
1230
2051
895
12
2051
2051
374
402
652
2003
2173
1415
1063
1498
1215
2241
2141
1696
2079
631
2257
283
1230
1493
1702
768
1230
1227
1702
768
1230
1664
1493
282
1702
1501
1664
1493
282
971
1537
2132
1983
57
1837
2051
714
1569
762
2051
2023
2237
845
99
107
1526
1585
1167
2089
1585
1314
831
484
1375
1927
2259
762
2051
2023
762
2051
2023
1851
762
2051
2023
762
2051
2023
69
107
1995
1992
687
2093
433
433
533
2093
793
833
433
433
533
833
793
433
433
533
69
1588
69
793
300
2272
34
631
202
426
1846
1927
1927
1081
1870
2153
2153
2259
1081
612
261
261
2051
2023
236
2051
2023
236
2051
2023
2051
2023
2051
2023
2051
2023
2051
2023
2051
2023
1017
2051
2023
1017
2051
2023
2051
2023
1093
1081
1870
2153
2153
1081
612
261
261
2051
2023
236
2051
2023
236
2051
2023
2051
2023
2051
2023
2051
2023
2051
2023
2051
2023
1017
2051
2023
1017
2051
2023
2051
2023
1093
2051
2023
1017
2051
216
2051
216
2051
216
2051
216
2051
216
2051
216
2051
216
2051
392
2051
216
2051
216
2051
216
1452
2051
216
1452
1487
1466
287
1466
261
819
1466
819
1927
1321
1303
74
845
1214
845
60
515
2285
798
28
1094
1617
1554
1554
1276
1349
1313
357
1258
217
2108
1076
1250
109
217
2257
317
1230
2076
1769
164
1683
1509
736
2144
1313
484
222
30
1997
217
2173
393
229
679
373
1214
1076
726
554
217
1076
2241
393
229
1474
554
392
393
1997
1258
217
1828
2144
1753
849
1474
1493
357
1258
217
393
1084
413
1951
1493
1303
1289
1996
1501
393
1707
349
1927
1613
518
1951
1493
1303
1289
393
1084
357
1501
1547
2120
542
393
1084
1613
1837
258
2234
822
1230
151
386
669
1230
151
954
1106
280
1230
1436
151
1289
109
1436
1240
1714
119
1833
554
715
1230
151
758
1289
290
20
906
2257
1877
1289
202
896
582
1714
119
813
1833
554
715
551
1034
1153
2144
728
513
639
170
151
896
2005
950
1841
1430
1153
2144
1452
2144
203
170
728
2022
1989
137
1683
614
1452
1153
2144
452
2274
1224
112
2135
1683
1276
373
1763
1453
1466
1506
1236
1167
2090
2257
92
736
501
349
1927
736
2257
1453
1041
971
109
1544
2257
1931
1845
845
29
1569
1063
1453
1554
1123
954
2051
1640
725
2051
1640
725
1569
1145
725
1063
1583
373
1214
1214
1167
1214
992
484
1076
839
1683
1230
2051
373
1214
845
153
1800
1094
1833
210
845
1310
766
1845
1508
1698
2237
1683
746
1732
1401
1867
1809
416
517
839
2285
1867
1600
1430
746
1180
1155
1800
2285
1155
797
1274
515
2172
1937
2186
1967
1833
1274
720
1972
211
2107
1274
2237
1826
746
1600
1351
1927
2010
515
2107
1434
515
1362
1452
1892
515
1434
1452
621
153
515
2107
1274
1018
823
515
751
2107
2107
2237
845
1927
1212
1212
1212
1927
2257
2066
2010
727
2285
137
727
1927
2277
955
2203
2285
1732
727
1927
2090
2245
1927
2285
727
1927
2245
1081
2107
1124
727
621
1180
1600
1038
1988
2186
451
746
2186
1732
727
1927
1690
2245
1809
416
1664
517
727
1927
839
2203
2285
746
2235
1230
151
954
1817
754
2037
1076
133
1942
2249
133
1927
69
134
1398
758
151
596
1501
1493
1927
1942
1927
69
797
555
151
151
1303
151
1493
1927
1076
300
1940
1927
1076
758
758
758
758
1927
1946
1417
49
1927
631
631
1927
1118
1417
56
34
1927
631
631
1927
1343
700
282
2076
1214
373
1214
373
1134
827
1626
172
373
1214
2052
845
585
1833
554
2076
1826
1159
845
127
1214
1845
1789
379
1548
1453
60
1617
1053
1459
1024
1565
2049
1094
2058
1612
1927
1303
60
1094
1548
1053
489
1453
357
1591
379
197
496
1683
1591
1612
379
197
496
1053
2049
845
845
1826
1794
377
283
1465
1101
1415
1346
738
657
442
1429
746
1927
1301
2117
1301
657
2117
657
427
427
657
2117
88
88
88
1351
53
670
1167
1927
1276
531
2029
373
452
2272
1214
2120
1298
452
2272
193
1877
1124
1373
1921
874
357
34
1384
896
1484
2037
320
231
1167
1554
2044
1484
1167
57
1230
1276
2120
1569
1145
669
1145
137
619
871
1987
768
1848
59
1230
2051
1214
1366
1472
1214
839
373
1415
1226
1230
2051
1214
1366
1472
1214
1369
1034
2119
2045
918
2257
216
216
618
2045
918
631
1586
1475
1845
1486
1455
1552
593
2166
1845
443
1296
543
1525
1559
2257
1651
2197
1391
824
1349
1526
1554
2060
1561
73
1154
1789
81
2045
1526
1398
363
1645
960
1916
2045
660
261
261
2144
261
261
2051
216
2051
216
2051
216
2003
2051
216
261
2051
216
216
618
2045
918
746
631
2073
703
1586
1645
2255
960
1919
631
2115
1135
874
187
631
19
12
922
1055
430
151
1967
2272
34
496
1242
503
2272
1055
450
19
402
1156
820
1250
690
2111
254
475
247
258
151
426
990
19
426
151
1057
633
554
1707
665
19
631
1613
874
1824
1615
1004
107
151
1057
633
187
631
1919
98
2079
1683
1826
978
1653
1314
1114
1858
20
1858
1057
20
2257
1846
1799
2049
1530
341
1858
1444
1114
1846
1415
1714
69
1245
200
356
151
134
2003
200
200
2257
1877
69
280
2257
1343
1967
2081
69
986
20
69
2178
2081
986
2206
1159
151
37
1314
1459
2010
2272
202
20
1114
1858
1445
2272
1472
571
2074
1833
69
69
986
20
1067
631
1827
433
1919
2195
1064
2144
819
341
1967
917
69
758
496
450
1045
402
1370
665
362
758
300
758
69
151
1967
1274
1452
2005
2223
69
151
2223
69
151
1741
1025
19
1057
107
478
2209
19
1057
1266
608
793
2074
348
329
69
1877
1919
2201
1224
2247
2272
2078
820
2214
758
1184
341
1230
2259
503
652
652
1990
2259
498
1990
503
652
503
652
1013
2251
1274
758
496
1360
1274
2251
341
1967
1880
410
631
1145
1569
1145
819
1312
1118
1321
2010
1927
1548
1732
1548
410
1732
1145
1698
652
151
1870
1076
1870
380
1412
1157
1145
430
2154
1145
114
652
151
1870
2010
1927
981
1493
779
1093
2037
2202
459
1145
2010
1927
107
34
151
1057
758
646
746
1618
599
1870
168
2003
434
1415
874
1870
758
151
2266
758
1870
1870
2113
1732
619
1076
2010
1927
981
1493
779
1093
2257
2010
1927
936
758
1870
273
2010
1927
107
34
151
1057
758
646
1430
1875
1466
1303
1055
1506
1990
1006
2272
114
1145
863
1792
1798
766
1145
1506
766
185
1604
1016
166
1817
1826
1707
484
1055
463
1125
1870
2003
1076
85
1870
2113
2010
624
107
991
2290
454
1101
1573
1086
1004
1779
319
1926
188
1145
1005
395
2290
649
1004
962
2037
2257
373
571
1926
1189
362
1976
1927
1698
766
921
1268
1017
341
151
614
1321
1344
151
291
1017
151
2100
921
151
1988
805
1013
109
190
1868
2170
2202
2003
1602
2081
190
2183
679
190
1877
250
2145
2105
1076
145
256
317
1669
1252
2227
511
1096
74
1683
1609
1851
1069
28
657
1826
469
626
1458
85
2023
2081
1013
109
190
1926
1877
921
2023
1988
805
245
2251
797
1013
109
190
921
2144
1274
450
402
2144
1274
1013
109
190
2257
1856
1416
1988
1351
831
2048
10
728
1442
402
430
646
1277
48
1452
1926
656
2023
1013
109
190
1452
1926
1013
109
190
1008
656
2023
1452
1013
109
190
1452
1926
1013
109
190
656
2023
1452
1013
109
190
1452
749
1013
109
2237
845
1214
1276
1927
2230
1415
1145
1412
1145
2232
1412
915
315
614
1672
1224
2212
1855
1870
2029
1855
2212
1855
69
392
2144
1417
49
746
2199
1145
1412
1870
2257
850
1145
1412
1230
1514
1063
2051
2051
1412
2051
1412
1409
1845
1465
377
1412
1870
1145
1826
1732
717
1076
1845
1792
1787
1210
389
143
1613
1345
756
999
767
74
377
2252
1276
1698
754
1889
762
2161
999
775
2257
107
1990
137
433
85
1145
137
1760
216
746
1666
2124
1253
2282
1870
216
1012
1990
1239
1258
2124
2282
936
2257
174
1779
1359
631
628
428
1683
1230
2051
1472
1069
1366
1069
311
1845
839
1151
1359
631
846
57
1293
1214
1415
1230
1589
2051
952
1589
2051
1589
261
1501
1101
373
1674
1845
1415
1006
216
1230
151
1845
1601
2010
1006
932
1491
1845
1214
1983
57
1554
373
1493
841
549
1086
1081
1870
2051
1081
612
261
261
2051
2051
1986
1013
1171
1027
1017
1027
1017
1027
1027
1167
2051
1986
1013
1171
1153
2051
1986
1013
1171
1027
1017
1027
1017
1027
1027
1017
2051
216
2051
216
2051
216
2051
216
2051
216
2003
2051
216
2051
216
2051
216
2051
1986
1013
1153
2051
1986
1013
297
1153
2051
1986
1013
297
2051
1986
1013
297
2051
1986
1013
1986
1986
1027
1017
1027
1017
1027
1027
1017
2051
216
2051
216
2051
216
2051
216
2051
216
2051
216
2051
216
1466
261
819
1466
819
1267
1683
1569
932
1004
1926
1907
2266
2093
2039
2257
42
145
107
2266
1180
799
2266
799
107
1013
2078
1098
2081
615
315
376
1874
2266
1393
799
2214
799
2214
799
1178
1660
766
550
2214
799
1615
2214
799
2090
565
1004
1926
1907
2266
2093
2039
2257
42
145
107
2266
1180
799
2266
799
107
1013
2078
1098
2081
615
315
376
1874
2266
1393
799
2214
799
2214
799
1178
1098
2266
1860
1671
84
1837
1554
2051
1577
1845
2051
766
2184
163
2186
2144
2144
951
842
881
628
1578
1238
43
842
1864
142
1826
845
1167
299
738
1826
1794
1845
932
1167
1846
1732
1201
1421
792
2005
1605
1732
2029
127
845
1214
1224
1747
567
746
1554
1724
1430
1294
2257
57
1167
1613
746
1707
1927
746
565
305
1268
819
496
2029
151
1967
300
1338
1076
496
60
1201
711
2266
1605
496
537
2029
2005
979
1201
711
1732
1057
1157
2266
1027
793
1250
845
1187
75
1376
1272
164
107
1052
1076
954
2144
1351
1692
2037
1222
1338
1285
496
1277
1338
341
1338
341
1907
1926
1584
1926
1423
1285
496
1277
1683
193
92
1423
1285
496
1277
2144
1155
793
373
1214
1554
1159
845
936
845
703
2144
646
736
2150
92
1423
1484
373
1230
2051
1472
1069
1366
1069
152
1459
2241
1012
1401
152
991
2241
2060
1865
2241
2008
152
1683
1214
932
2135
1837
50
503
50
2037
1838
2031
455
1493
1337
1343
1276
1055
850
44
614
798
1215
503
2037
1986
290
954
1837
258
2234
822
341
1341
2010
1608
2184
192
1876
588
1038
1845
84
1653
1845
373
1545
2124
745
1094
1430
746
1877
2272
989
2228
1696
1230
2051
2190
1289
954
614
1813
378
665
1440
614
1069
932
1845
373
1569
1732
1683
1789
599
1651
1057
658
711
1261
711
767
1826
1613
305
1081
1415
725
542
1984
402
1101
1081
1147
1579
769
1584
1870
1606
1643
1305
769
1145
1081
1638
1521
1076
1030
151
1838
1870
261
2051
2051
2051
1466
2051
1466
261
819
1466
819
533
1086
1926
629
1086
1242
1478
533
1817
1466
319
1312
542
1927
1926
2166
1924
149
402
1466
256
954
1523
245
216
1683
614
1828
725
1268
1927
2127
2155
1452
746
242
819
1704
746
2186
1030
1422
533
1076
2266
1434
1493
69
69
1076
56
21
69
1230
1493
1147
1579
769
1584
1076
56
21
1360
1360
1364
1232
771
373
1976
1276
1435
613
793
107
2232
216
754
1780
2232
373
549
1086
1214
1286
6
725
746
631
1523
216
151
203
1870
709
216
1818
936
2257
1415
2010
725
373
1613
1927
216
2257
1644
758
1430
1870
1989
1030
1787
619
824
1219
543
1076
1894
2214
151
1415
543
1076
2266
1434
69
1076
69
782
1508
2188
1870
1989
1030
2007
341
1870
402
1076
1749
1030
51
1926
341
1870
2257
533
936
771
1189
1609
1683
1257
1508
1538
291
676
93
766
594
373
1415
151
1027
1398
373
1069
1276
531
2029
373
373
1569
182
279
1037
1195
1412
1796
2237
1289
1055
1276
406
535
766
2156
97
2078
470
1004
1412
1541
1392
1412
1926
1412
652
503
151
151
2250
896
2257
1185
1608
1210
1076
1870
1453
1563
1802
790
2091
2112
1385
496
1409
1453
317
1081
766
1698
979
1101
496
845
85
1982
1063
377
1321
746
701
1462
129
1013
615
1686
317
2272
472
1415
2129
1919
915
1061
1870
1453
1409
1453
2058
1409
2241
1409
1453
1190
85
1443
1094
1385
1401
1415
1076
500
542
1443
1443
542
1443
500
1076
1101
1076
1185
542
1443
1443
542
1443
1185
1076
2257
1145
1453
851
1870
244
2143
1926
766
1870
2143
2247
1123
1063
1250
1063
954
1063
2232
1453
2257
1466
1063
493
1927
296
1063
1076
2257
317
1837
2051
714
1569
762
2051
305
1825
89
254
1801
915
1835
546
1112
1690
1802
1145
1409
1076
518
542
1201
1453
1076
500
1385
797
1385
1802
1145
1802
1145
500
1076
622
1870
1453
1076
1094
1076
1185
1802
1145
1802
1145
1185
1076
360
746
1185
1076
1826
936
845
1076
402
373
1214
1683
1214
614
187
631
846
1466
2144
1845
373
1214
2000
1870
972
868
793
932
1167
1845
311
1826
1167
1554
1276
373
659
369
1214
1073
1927
1825
1126
916
1506
1167
1554
1276
259
406
970
2237
845
973
746
1101
2176
2257
2163
1851
1069
2051
1230
981
1013
1833
743
1870
1870
1833
1833
1826
391
1004
1683
1093
1940
2257
129
151
1008
2257
305
129
1913
2186
2009
1826
469
1510
164
896
631
1683
2237
1214
85
766
945
977
1825
315
1926
1969
766
1779
2132
1845
932
1491
1875
84
1845
1732
1683
1145
1826
1794
311
614
2091
735
655
1321
1057
1608
426
813
1608
736
373
1273
423
426
426
1826
1159
845
127
1272
1344
1214
1101
1180
1501
2144
496
1201
2144
845
1415
1408
631
1276
1188
1276
1613
1880
338
133
56
1942
56
1230
1829
133
56
29
1935
2100
1343
1793
1942
56
29
1935
2100
1274
1793
1461
2257
1942
56
1145
1942
56
2160
49
2076
1837
1550
1683
2257
1834
11
386
373
1214
373
1214
1495
1321
1223
1094
2144
1360
743
831
2228
1314
1242
2276
1124
1430
1145
391
1004
163
252
1415
1167
2090
1683
976
2273
1055
574
1926
2144
449
1101
1124
1440
1119
1360
2144
1360
1628
252
85
1055
1145
391
394
256
1004
1145
1613
767
1826
1826
1794
1683
1546
1069
1845
57
1609
930
1789
2056
1613
797
82
373
1919
1214
428
151
69
1611
12
1204
12
1663
1689
691
257
1333
193
1157
69
1431
1204
151
183
1877
151
69
1762
1063
1453
1677
770
378
151
69
978
599
1761
1430
1322
1415
2185
1081
766
404
1845
1081
1762
1762
69
134
69
1627
69
128
1453
11
401
899
1215
69
1627
1506
823
1506
69
823
484
69
151
1289
1057
823
1453
378
1877
945
1506
151
1926
69
2214
69
1154
300
1762
915
1151
151
1289
1057
1926
69
2257
317
1415
151
69
874
151
896
1032
69
797
1570
69
496
151
2120
725
1145
1076
1616
1845
1508
1453
2005
993
1063
533
1827
1081
1067
860
2143
2051
1063
1453
725
1870
915
816
2143
2051
1063
1453
725
1870
1067
2187
2051
1063
1470
1067
860
2143
2051
1063
1453
725
1870
915
816
2143
2051
1063
1453
725
1870
1067
2051
1063
1470
1013
860
2051
1063
1470
1013
860
2051
1063
1470
1013
860
2051
1063
1470
1013
2051
1063
1470
1013
2051
1063
1470
1013
2051
1063
1470
1013
860
2051
1063
2051
1063
860
2051
1063
860
2051
1063
577
2051
1063
762
2006
848
2144
2006
848
1823
2006
848
1823
261
848
2144
1823
2144
2254
514
514
514
2254
514
514
2028
514
2254
514
514
514
2254
514
514
762
514
1034
2051
1063
1453
816
2143
2051
1063
1453
725
1870
1067
2051
1063
1453
2051
1063
1470
1013
860
1034
261
174
2051
2030
1167
2051
2243
829
2051
2243
2051
2051
2051
1453
860
2051
1063
1453
746
932
542
1145
725
1063
2125
128
316
1068
682
754
1849
373
1569
725
1006
1151
1683
932
1167
373
1845
373
896
590
1845
1415
1804
658
1006
2257
1145
824
1845
1837
1554
2051
1577
1618
373
74
746
932
542
1145
725
1063
2125
725
1079
2051
1837
2125
2051
1785
2051
1063
1453
725
2051
341
850
1554
2039
1214
2000
1076
414
575
1452
1344
2144
1101
1180
1344
2144
1383
69
373
631
1214
69
1076
414
1214
373
1569
1167
1554
1794
1554
373
1214
1905
1101
797
1800
1021
1788
936
1055
331
2276
1055
1154
12
12
1145
1230
48
1493
48
1838
48
151
1508
48
1493
2152
1838
2152
410
1800
2124
1501
1508
48
48
151
34
48
151
936
1554
376
584
1508
920
518
971
1041
107
12
1094
1440
965
376
1501
1600
1988
1379
276
853
235
849
1563
2077
327
1041
474
235
1041
2257
2154
1055
1238
674
2276
48
109
866
866
1493
48
1508
48
1501
48
866
48
410
1800
1508
48
48
109
1501
2152
323
2284
746
932
428
820
1593
1946
1501
1618
57
2013
2081
137
1295
942
1049
1613
2033
1055
2152
1055
2081
1205
1160
2129
2132
1845
1004
231
1145
2279
1055
1081
1653
1927
767
1145
1615
1524
1145
2245
1018
1049
2273
981
554
2152
1615
1004
1037
1809
587
1029
1392
137
1511
137
1616
1278
1764
631
1055
698
1654
2171
127
845
932
1167
1846
1826
1826
1683
705
2282
1253
2207
588
2282
588
932
1569
1569
1926
1927
1330
109
190
1732
2257
1569
932
428
1833
631
1926
1189
1281
1976
1927
1145
1086
1034
2051
2023
2051
2023
503
1013
1466
2258
2144
503
1013
1827
392
1904
1838
1904
852
1493
570
2051
216
570
2051
2264
1103
570
2051
2264
570
2051
2264
1226
570
570
2051
1589
570
2051
1589
570
2051
570
2051
1230
1412
570
2051
1230
981
570
2051
1230
137
570
2051
570
2051
570
2051
570
570
1589
570
1754
725
947
1390
1390
947
1412
570
2051
570
2051
433
570
2232
542
570
542
570
2051
570
106
570
106
2155
106
2155
1412
570
106
2155
106
2155
151
570
2051
570
570
2051
570
2051
2264
570
2051
1063
1453
1145
2058
1990
1415
1453
2051
1063
1453
1145
1145
816
851
2143
1870
2143
851
1076
1800
1076
816
1453
107
1415
1145
1415
74
2233
797
1895
1453
1006
1837
2051
714
1569
2264
762
2051
2264
2264
762
2051
2264
1136
373
1214
1845
845
20
1214
932
1569
373
443
373
1214
2103
839
1619
664
845
878
664
1947
2079
1063
1415
709
247
1813
1076
1760
1214
373
631
1214
900
1600
530
845
1210
2251
338
1101
1101
1927
1199
151
1344
151
1199
1927
2275
1927
1344
151
1199
1927
1927
265
1230
430
172
2144
1344
484
1826
845
127
1214
845
493
1845
1826
265
614
172
434
1299
1926
1452
2272
1081
778
314
1296
1384
1877
109
1698
1535
1339
1195
954
734
1359
1224
557
1929
2078
542
542
2072
1224
1384
631
2072
557
1929
1379
2051
187
874
1302
433
1904
819
819
762
2051
874
2272
34
69
2051
187
874
1401
69
1439
433
1904
819
819
762
2051
874
190
433
1904
819
819
762
2051
874
158
190
1479
1224
1466
1173
1924
1237
629
629
542
2072
629
629
1934
402
629
1066
629
379
629
1081
1067
860
2143
2051
1063
1063
1453
187
631
915
2051
816
2143
2051
1063
1063
1453
187
631
1777
637
2073
1379
1126
730
2073
843
1768
1302
1274
2187
1081
1081
549
1086
1924
1988
1466
1063
1081
1988
1466
1063
1415
993
533
2155
1081
1081
1924
930
932
668
1081
2187
1230
2051
1597
1063
373
1214
932
1224
200
2082
2214
1990
631
2129
2257
1232
542
2072
1017
1159
1063
379
1826
1210
1988
1415
1032
1560
69
1635
1453
69
1508
317
1560
1331
1870
1820
1204
1385
1613
1204
866
1385
736
1453
806
1210
69
1135
665
1385
164
649
496
1385
442
568
649
665
874
1385
1440
540
164
292
1385
1210
649
1684
164
1613
932
1167
1918
1063
1453
1034
1385
1826
1794
1845
305
1034
482
494
2055
494
597
2281
754
1382
1076
1505
145
415
2043
2076
1650
1076
2076
104
1988
1412
471
1261
1415
1489
128
1560
1412
160
471
1635
252
2124
1322
133
1593
1946
1593
1946
1870
1369
1554
1276
1826
1707
845
1613
1653
845
1286
151
1541
1101
891
86
1845
1609
845
1919
1554
720
1845
1833
1076
2076
2257
2034
2010
1593
1946
542
373
1214
1554
1276
1826
1794
1845
845
1069
316
12
1763
1373
1063
1216
1453
1845
57
760
887
1491
1600
391
1124
57
1276
2132
1466
316
12
1845
1926
915
2241
410
1836
316
691
1819
1845
57
1732
1683
1145
1205
1845
57
1167
1276
1167
1732
1683
1145
1276
1145
1453
1826
944
512
1683
373
1569
1837
2051
839
1683
1214
614
187
631
846
1167
1554
1214
391
793
151
305
252
1081
1882
151
954
1250
1683
2144
107
330
365
2155
896
746
622
736
2077
1732
853
1481
746
1274
1947
402
1210
736
2077
1732
1692
1432
163
2240
2272
1647
1845
977
736
2251
2077
129
736
1025
2040
332
2077
1732
252
845
493
391
1016
1947
364
1415
151
2144
319
2099
1193
252
166
1988
305
2078
1779
1392
1185
376
631
1870
1609
1575
12
736
1722
1100
1022
1666
607
793
2222
1268
575
783
1785
588
323
631
402
239
2222
1870
597
631
1870
373
1214
373
1465
1214
954
1506
936
57
1230
2051
1472
1069
1366
1069
311
631
2072
1162
231
614
1359
631
648
839
2029
1059
1412
2077
2038
1919
2282
1253
164
896
1919
2282
1253
768
164
135
1845
936
1826
631
2273
319
1825
1372
598
1006
2120
496
631
1837
2282
1224
1373
538
631
1145
206
1025
1005
631
1609
607
2282
2282
128
631
2282
1870
1919
631
768
1870
317
1210
631
430
631
1990
1826
2075
2257
1063
1063
1870
1453
1563
1385
746
932
671
139
1453
1230
503
139
1453
1453
629
187
1752
1626
1244
431
1632
1563
1415
1862
997
372
915
936
1063
1230
503
428
562
2047
684
1063
444
1904
2247
485
1990
1509
2090
1715
139
2255
2242
2047
1082
503
139
1530
229
373
1569
373
1214
1830
137
1672
824
1734
1145
1230
1870
1151
1506
137
1006
845
1613
2046
1167
1845
845
1214
1326
1990
1732
1990
1299
252
1907
207
1870
687
2072
687
1870
1467
1732
1158
373
575
2179
1635
1698
66
793
762
2051
216
2027
1870
1501
1493
2027
102
1870
1501
1493
2027
1870
1501
1493
2237
373
1927
530
1683
1700
1356
1845
571
2272
1870
1870
1501
1493
793
793
793
1870
1069
57
1722
1406
1861
1870
365
793
793
1870
365
1493
1493
2272
1870
102
1870
1501
1493
102
793
793
793
1870
1069
57
1722
1406
1861
1870
365
793
793
1870
365
1493
1493
2272
1870
1870
1501
1493
793
793
1870
365
793
793
1493
1493
1800
1493
597
1336
1373
597
1275
159
1683
1598
682
746
1755
746
49
1785
554
793
793
897
793
107
1157
305
1785
554
793
793
317
49
969
1785
554
793
805
1683
865
252
1698
845
1351
174
687
2062
386
1416
2023
1326
107
1200
452
1416
518
1263
1256
977
687
1321
1837
2051
714
1569
762
2051
1715
409
1416
736
523
1155
725
1416
1191
703
1698
1624
151
2241
1081
817
642
1705
1191
703
2257
754
687
21
879
687
391
305
2257
435
703
845
1896
428
2003
1416
2144
1155
102
1900
523
975
703
790
2079
49
1907
1615
1459
966
1958
1487
2035
879
687
1703
334
2180
932
2247
446
1272
1344
845
845
932
1296
1707
747
1943
1775
397
1790
631
1286
845
317
1554
1466
1833
145
1154
405
1704
2197
49
2257
1609
391
311
1896
2008
631
631
1250
226
330
226
225
779
453
1415
450
1876
226
845
631
1136
226
1048
845
746
1759
226
350
226
373
1707
747
1145
1845
639
1517
2257
192
2248
1442
305
1276
1276
1286
403
1609
118
402
631
1276
832
2257
1919
845
2010
1569
311
1845
127
845
1569
304
1276
74
1187
75
402
377
845
1703
334
397
936
845
1134
2229
1043
1276
1037
845
2187
614
1145
226
1166
107
1559
226
679
1232
107
845
631
433
23
537
373
1214
861
425
1935
1142
1935
614
1927
2186
92
518
1214
347
1805
1872
1076
1775
2155
907
1321
711
1114
272
711
1069
848
257
1069
1805
1443
1167
1554
1276
1205
1845
264
2135
1187
1160
1167
1926
279
82
1831
137
1662
1328
429
1919
1533
18
1353
1104
1752
1531
605
1414
1954
255
153
153
85
1673
1414
763
375
1415
515
528
2283
1926
2222
1493
1230
415
689
2070
1877
1772
515
1032
1230
2070
2222
153
780
2070
1184
528
515
584
86
890
763
1983
1100
853
135
2103
1145
137
153
2245
1502
890
528
2183
1967
1049
137
515
1230
48
1821
890
528
1230
1985
1766
1766
1766
1766
1395
1427
1395
12
1395
1395
1395
1395
1395
1039
1395
1395
1985
1757
1769
1985
1220
27
1664
910
991
393
1347
1347
1347
1347
768
2136
1230
1194
2199
728
137
393
2113
1230
1623
1220
1528
2257
1599
137
1230
1100
515
1230
1985
1766
1766
1766
1766
1395
1427
1395
12
1395
1395
1395
1395
1395
1039
1395
1395
1985
1757
1769
1985
1220
27
1664
910
991
393
1347
1347
1347
1347
768
2136
1230
2199
728
137
393
1623
1220
1528
1785
657
2222
1018
528
392
86
703
1230
1985
1230
1985
1757
1769
1985
1220
27
1664
910
991
393
1347
1347
1347
1347
768
2136
1230
2199
728
137
393
1623
1220
1528
1785
657
1785
2124
1766
1145
528
942
896
1967
137
179
1515
1613
81
515
1230
1143
584
1587
1926
57
1230
1985
1985
1757
1769
1985
1220
27
1344
1664
910
991
393
1347
1347
1347
1347
768
2136
697
1230
1344
1785
657
728
137
85
2222
515
528
1493
2203
1493
1392
48
987
2152
582
1100
528
1919
703
1230
1985
1230
1985
1757
1769
1985
1220
27
1664
910
991
393
1347
1347
1347
1347
768
2136
697
1230
317
1785
2124
692
1192
1416
1956
1926
1416
1926
2030
1785
657
728
137
267
1414
1524
182
153
85
1414
266
1785
1653
515
582
554
1785
554
528
249
2222
515
1926
528
363
1186
1272
85
2133
2281
528
153
1187
1160
651
1845
2257
1167
1845
1837
2051
714
1569
316
12
1707
1927
1417
671
954
1076
1025
1076
128
137
1025
137
1153
1076
2244
402
1271
54
2173
488
2072
2257
1963
671
746
1845
2010
725
631
1870
1491
1845
725
1230
711
1732
1826
373
1276
531
2029
443
2081
1133
1927
1926
797
2120
725
973
1621
1506
1442
1057
857
1166
1927
85
1417
163
1621
1506
2074
1258
765
1202
580
1621
1506
526
2131
361
69
1008
853
758
845
1037
1926
1401
1673
1621
2272
69
742
1401
47
1621
1506
2291
845
1621
1506
701
1826
319
1415
1927
128
1081
304
549
1086
1927
1081
746
2214
151
758
261
261
1081
746
1184
151
793
261
151
34
2257
793
261
151
34
2257
793
1927
2257
201
758
2257
1184
151
1877
2144
1905
1927
2023
1210
793
1210
797
2023
1210
793
1927
1927
1967
151
410
1967
1927
1927
1447
422
434
1823
434
951
1927
1626
1870
48
1184
151
556
1008
749
827
434
1870
819
2257
618
918
951
434
1644
1233
2007
1666
129
358
1926
1401
1004
23
760
887
1167
1845
973
1621
746
2008
2163
1621
1506
845
1435
384
2076
1145
824
488
1076
1289
1493
1137
880
2010
1685
735
205
1395
1289
1430
978
1837
2037
1838
631
279
1315
973
257
970
1055
1582
1936
1289
217
1996
1813
488
1294
1493
2241
244
1453
1712
1926
349
1613
1600
542
1683
614
2159
415
1732
1063
1453
1926
2241
1321
1386
1321
538
129
1530
1236
1794
930
1033
107
2124
542
1833
808
736
1749
2120
1099
2241
1749
350
1683
1539
1683
1025
1351
174
687
2257
1701
151
1008
1294
226
1465
1294
373
1214
631
1214
607
1303
1302
392
218
513
684
1415
514
216
514
2257
1439
2166
226
1452
1153
1845
1789
513
684
1303
1302
932
2214
1845
323
1153
226
1274
1760
392
936
2257
1303
1302
1274
350
1845
754
1452
1303
1302
1153
1598
2103
978
966
317
623
1055
1078
1642
1180
1303
1302
151
1415
2023
392
1153
422
1574
754
1452
1303
1302
1993
531
474
1303
1302
1452
471
1452
1153
226
1281
1055
1728
1926
1906
1117
1452
2144
1055
1303
1870
837
1989
570
1990
2022
1616
1870
1153
2144
870
1255
1315
216
2029
820
1166
1990
2029
314
1153
1870
2029
2029
2078
1238
1990
2029
932
1617
216
1269
416
132
1236
1466
1415
1409
1822
1409
1086
433
1151
349
736
813
1347
1988
1845
766
2026
1661
1005
1683
619
242
1549
49
1483
2019
1491
1845
2033
1662
1315
49
1707
1613
1180
1303
1302
917
392
2144
1990
415
226
2257
218
513
684
514
1415
513
684
1800
1452
1303
1302
1808
819
917
1786
1167
1845
717
932
1491
1628
2026
1452
1303
1302
917
392
2144
216
1996
216
513
2086
932
1167
1845
2010
1569
1180
1303
1302
1870
2050
1392
1870
1180
1303
1302
1594
1714
953
330
1926
1314
1914
2257
1992
754
1302
531
1999
1115
1704
1302
1883
216
1861
819
73
949
200
274
619
1837
2051
714
1569
762
2051
1013
762
2051
1013
1325
2257
2077
1813
1990
946
21
948
223
479
1276
1081
1415
652
1760
762
924
98
1792
261
261
2051
1013
339
2051
1013
339
2051
1013
531
2051
1013
1466
1034
261
261
34
192
2144
2051
1013
339
1845
1268
736
185
1387
339
1870
736
185
946
1268
736
185
2022
1236
1481
537
639
339
907
1883
1989
736
185
252
681
1236
1481
537
1025
1907
340
1845
1315
1261
1102
2026
2010
907
1005
178
392
1990
947
736
185
897
1990
1236
376
1443
681
1067
1990
2029
736
185
2179
736
185
1325
1153
639
339
907
1883
372
1845
2264
1103
1870
947
736
185
2264
1103
380
433
151
736
185
160
494
433
151
736
185
1639
133
20
1387
339
736
185
1870
945
946
1285
947
433
151
1142
1325
1306
736
185
160
946
133
433
151
736
185
1266
20
133
947
2079
339
1870
133
20
1391
946
133
1953
1490
1325
2079
631
440
1981
554
1023
1466
2011
373
1569
614
845
86
1845
839
631
1845
1826
69
834
1649
426
1415
1412
1155
743
157
426
807
1926
743
78
426
614
1415
1412
1415
2043
69
1210
2144
607
1663
145
426
614
1415
69
1210
109
2035
2144
1452
315
622
426
1412
1877
1799
628
157
426
2144
1274
1890
2188
426
691
1383
1415
1415
1412
1415
888
1927
1415
1900
1412
69
1210
2144
371
1683
1845
387
568
1397
622
1502
1035
1945
1360
426
2144
1274
157
426
628
1617
845
2261
1050
174
839
631
1845
530
845
1491
1732
1683
1145
2137
381
317
2010
746
233
614
69
204
426
1093
874
1180
434
392
1153
1923
1157
402
157
1617
2082
896
980
874
1281
2142
2168
1821
753
2163
2220
69
2223
2049
745
734
67
1525
1723
607
392
1675
1274
746
1093
1494
631
2051
631
1683
1845
1069
1826
411
469
2285
504
48
490
155
2051
69
1423
1423
1493
743
1210
797
797
2186
2186
410
410
1877
778
1210
204
680
20
1799
1493
157
426
614
120
2144
1426
1268
410
426
402
1877
746
807
1877
1210
1452
2043
607
1845
2257
2039
760
887
1491
1616
1845
746
323
1742
1927
2154
2213
543
402
1493
1440
2144
1117
425
1210
426
1415
1412
758
1535
1567
2257
2044
48
69
410
151
425
614
2144
425
614
155
1412
2144
155
2051
69
1649
426
109
1210
797
797
1210
1681
797
797
1210
392
392
1303
2029
2144
655
426
614
1415
69
1210
109
2144
614
2144
1210
1415
109
109
426
614
2078
1238
392
2144
1274
1210
392
2144
1274
426
614
260
426
758
1799
450
69
2090
70
2257
1534
1202
1031
758
1799
426
1230
759
500
1221
2051
157
1456
2044
1493
1440
157
426
1415
1415
1412
2044
1493
1440
2257
1988
1246
2159
2186
608
743
2144
758
1535
1988
1246
2159
2186
2257
69
831
1988
1246
2159
2186
1617
1423
155
1076
1423
1988
1246
2159
2186
425
1617
2144
1493
1415
685
1076
78
743
390
743
1928
222
1493
1196
2186
2186
410
1988
1246
2159
743
2186
2186
410
410
392
392
1303
2029
2257
1534
1696
157
426
1230
2051
2190
2051
2023
1415
1470
932
107
2055
1076
1608
1696
1752
1444
1230
2051
1696
2051
2023
2051
2023
1415
932
1534
2190
1696
1230
2051
2190
2051
2023
1415
1683
721
1230
2051
1696
1662
317
2037
1415
620
1145
1616
1166
1845
373
1613
1802
1935
746
107
1870
494
305
358
151
36
1720
1826
629
311
1145
767
1386
792
430
1199
1837
2051
2234
1569
14
497
138
762
96
1060
1408
542
12
2251
410
95
16
619
1826
1794
599
1159
69
278
1845
2007
754
1826
2257
1845
1281
1824
69
833
1013
743
1812
793
1516
743
1799
743
1417
1349
1365
2155
69
833
330
1926
908
2215
1087
267
2155
493
1214
2256
2091
426
743
641
629
1845
151
301
151
1289
69
570
151
69
1967
341
1967
1926
341
1799
1114
1846
402
69
2081
570
12
1145
1220
874
1230
69
1493
1288
910
2272
1288
910
151
1800
428
1288
910
910
151
1289
1493
1288
910
1094
1094
1289
1493
151
1094
1288
910
1057
1493
1833
1288
1412
133
56
1530
1288
133
1493
133
500
555
507
1057
1493
1288
1412
56
555
507
56
1635
925
69
874
880
1576
1343
1826
1683
1813
1219
1022
588
889
619
168
768
863
127
845
932
1167
1846
1826
373
1214
1996
1989
1214
452
2274
1224
1356
1863
1395
1458
44
1845
1205
1320
1593
1826
1320
746
973
402
2188
746
1336
1218
746
1328
429
137
2029
392
402
128
845
1343
796
819
2029
586
1129
392
1153
137
2079
146
1087
91
2054
91
137
1230
2051
1569
1230
137
762
2051
1230
137
1013
1069
1366
1472
1352
1366
1826
629
305
231
1006
137
2029
796
1476
1145
1926
1593
1414
2076
91
402
91
1613
392
845
99
1593
1414
1870
2076
882
1593
1414
2076
1837
2051
714
1569
762
2051
831
831
631
2051
831
1826
845
1442
164
784
2
2142
150
2142
1909
1871
588
1391
929
588
1391
746
1019
588
107
317
2214
2130
516
1391
665
129
588
845
932
1167
1846
1826
1242
353
1939
978
1425
127
858
1304
845
932
2034
1837
2051
714
1569
762
1100
2051
978
1870
1998
2175
1412
836
1870
380
494
1142
428
1739
2037
2203
2175
1125
494
1230
2051
2190
2051
551
109
1101
2051
2051
1145
1145
2002
313
1696
1230
2051
1696
2051
1063
1453
2051
1063
1453
954
1696
848
2058
81
2202
436
1409
542
426
1837
2051
714
1569
762
2051
1013
373
1919
1609
915
2037
509
758
69
2144
2157
373
1569
1613
845
701
1826
682
1837
2051
714
1569
762
1100
2051
1683
1214
2257
2043
151
781
1569
628
19
1927
1184
151
2043
819
1554
1486
2214
2266
69
341
1452
1157
2149
628
1787
370
348
2187
2257
1753
1052
823
2266
1501
746
1012
1945
1732
151
831
69
544
1501
1440
109
2266
217
921
2266
1967
954
1440
1094
1942
2257
2186
1057
1236
151
318
2266
823
924
993
1012
1230
2051
2257
743
1501
34
2124
1470
434
1360
1094
1732
151
831
2010
1927
604
226
256
1284
1184
341
1470
434
151
1008
1268
758
496
1055
1286
1927
819
2257
151
819
1200
1824
69
2257
1123
1569
575
1927
2187
19
1114
1693
2257
151
641
69
151
746
986
434
156
463
362
341
548
1184
341
1476
69
874
1101
2257
428
2056
1967
1927
1401
805
1824
69
2048
69
584
1025
833
531
1184
1025
833
1877
1360
69
1087
69
318
833
151
2144
1420
69
2048
402
1799
69
1926
1081
216
1276
1154
211
1184
151
49
151
1415
341
2257
1845
2257
151
69
1184
341
917
2144
2257
725
2246
48
69
1093
1118
1303
2025
2202
34
496
1452
151
69
1114
341
2266
1057
145
2055
20
1452
151
2266
2266
341
1799
356
1452
1940
2266
2257
1283
1940
2003
2266
341
1900
2025
2202
901
1118
496
2266
341
1940
151
1114
2003
1118
1057
151
1942
833
34
302
2266
362
69
69
2035
69
348
1824
385
1859
1415
1030
1101
543
1940
151
1114
192
2266
151
1513
1299
426
1177
1580
1430
2257
2077
932
2247
503
503
915
736
1563
1752
1444
1063
1453
1145
824
2081
2056
1742
915
2039
1484
1660
143
1489
11
1600
1624
885
1580
1530
1506
614
1100
746
1827
1236
596
746
1430
1971
1293
1827
1236
1100
1988
767
1210
1236
496
488
1683
1063
1453
311
367
634
1754
1877
1827
1236
1453
1506
1236
614
1063
1100
1827
1236
1617
1827
1236
1506
1236
1900
60
1032
2222
2109
1453
1649
1204
2241
876
1812
1205
402
192
488
1826
1870
1453
1453
1698
1660
1453
622
1204
915
1100
1883
1152
307
1210
1210
1883
1530
1152
1415
1530
1506
2079
1229
767
293
1870
1453
1680
1430
1177
1580
474
151
2249
151
1057
2016
1532
1214
99
2077
1834
305
746
1101
2176
1837
2051
714
1569
762
2051
1013
373
1613
2037
373
1569
1877
1445
1444
340
1277
1294
1926
2081
1877
1445
1613
1665
373
1214
1449
1826
391
1484
1825
1104
1859
1296
452
1683
542
1415
1063
1453
2247
48
1621
711
1182
1621
1826
915
2187
936
1849
373
1569
1826
1621
1506
746
1123
1870
2034
1789
1621
401
317
1281
1063
1453
490
1063
1453
1919
1742
915
1845
110
896
1927
585
1621
1937
1242
522
1927
614
631
1927
673
673
673
1452
1927
936
917
1870
1927
673
673
673
1452
1927
1145
1453
1415
1683
1569
1845
1881
2144
496
329
1979
163
831
1267
1569
932
1167
1267
995
758
329
1808
1837
839
936
1837
2234
2037
2232
762
2051
1986
1412
1548
48
1826
648
227
1013
1506
1142
1430
151
1927
1501
1493
1501
69
428
471
434
1927
2257
1013
698
1859
1496
148
1299
2257
1454
1688
1412
1076
1412
1817
1004
1013
698
1807
1502
622
2214
1415
859
1412
1692
754
1816
1415
1412
2257
305
4
1412
1076
2008
9
2100
1150
1826
1533
606
1554
1870
1221
109
2181
279
679
2067
2257
1167
2037
2143
1321
1276
31
932
2257
1202
606
1230
616
510
2128
1826
2247
2143
1629
444
862
1990
824
754
1185
1870
1658
164
1560
1142
2035
1870
2043
915
1870
2257
462
2221
1185
1447
1417
1321
1926
1471
614
1444
1321
1866
1157
1074
1415
1661
1672
2203
540
1778
1990
426
2261
343
300
915
1870
2166
1990
496
913
402
15
300
1357
1672
42
49
747
1114
1744
821
1672
896
438
129
2143
1276
1047
1562
129
1707
1990
540
1778
426
107
630
915
1145
107
1987
622
744
845
2257
970
1406
1845
2257
389
485
491
1845
1210
691
443
1672
767
622
542
784
107
1980
1862
1870
1230
1063
1514
1990
1230
1722
1063
1722
2051
1990
79
1862
1476
2214
2035
915
1560
426
1870
104
1142
1230
2051
1696
2051
1063
1870
1453
426
2214
915
1870
79
2143
2257
1063
1453
1958
106
677
1453
1230
2205
2219
106
677
1202
1254
1221
109
1077
1345
2154
1845
1395
479
1727
1373
601
428
636
317
2154
1307
1264
1927
168
168
1927
1990
2282
2207
1560
1305
1506
1927
1927
793
28
1800
1927
1851
1785
554
1628
1870
597
1331
1707
1506
1870
1919
1173
1047
735
1165
1927
768
1870
1415
1900
1567
480
1791
317
1517
2282
57
771
2282
114
771
1726
2282
1870
57
1812
2214
1523
245
1919
1173
1812
1721
1845
1812
2257
496
107
796
1523
245
2282
1990
2064
1870
833
330
1281
1379
391
373
1683
1826
713
1870
1785
554
1870
1919
912
1926
1845
771
1551
1926
1845
844
1996
533
640
1845
529
1151
771
1845
844
1152
1733
2241
1081
433
1177
728
771
771
433
216
433
1344
1546
984
2199
771
2257
583
771
1081
433
2241
771
1845
529
433
790
1353
1331
2282
1990
533
2282
114
168
768
168
768
487
1177
728
1870
1145
533
2282
114
168
768
168
768
487
1177
728
1870
1145
629
1870
487
1177
728
554
1913
317
1409
629
1870
487
1177
728
554
1913
317
1409
629
1870
487
1177
728
554
1913
317
1409
629
1870
487
1177
728
554
1913
317
2232
1409
629
1870
487
1177
728
554
1913
317
1540
1409
629
1870
487
1177
728
554
1913
317
487
1589
127
845
1569
59
1845
1194
1412
1732
1919
1101
1013
1412
1412
164
318
614
1013
2144
1645
932
631
1058
1845
1167
2037
1491
1826
373
1569
2135
373
1276
373
1870
852
1493
867
418
1430
1238
1990
418
1837
2051
714
1569
762
2051
1613
746
1034
937
19
869
57
366
311
1845
533
1904
433
336
2257
2245
936
2132
1983
57
1953
846
452
1919
433
533
1080
1178
69
620
1967
350
151
1967
1877
1875
1939
1401
151
151
1671
151
1013
2077
754
943
1573
896
311
1845
1418
1927
2002
839
1683
373
1167
1554
107
1214
614
107
473
92
1090
1159
1094
1214
2092
1646
92
723
2124
1796
1609
631
915
1318
2132
1983
57
187
631
1439
1683
998
252
1224
1005
1837
2051
714
1569
631
2051
187
631
2051
187
874
631
1100
187
631
12
1826
845
2120
1465
2008
187
631
846
631
69
2257
1948
1126
1967
1875
681
1360
1837
2051
714
1569
631
2051
187
680
1274
607
236
711
1732
793
966
1452
1452
2187
1682
565
69
1799
2022
151
2077
151
1396
691
450
151
1967
350
968
2057
631
1927
631
631
507
69
762
2051
187
874
762
34
1870
1870
1008
1870
1870
1008
34
151
793
34
1870
1870
1008
1704
1870
1870
1008
34
151
793
762
993
1704
1704
762
1927
290
1927
874
1230
69
1230
1588
1800
1493
2051
187
874
1360
739
206
2272
2051
187
874
1057
1493
2051
187
874
555
507
56
1057
1493
2051
187
874
555
507
56
69
874
1927
426
1967
762
1588
236
2142
1452
2266
639
69
496
1799
151
1683
1380
631
2115
2135
1224
1683
648
1683
1649
1749
711
369
1749
575
555
1030
584
1996
2023
758
34
1199
396
1618
1749
986
931
565
584
357
595
1238
555
1883
1214
1877
455
151
1027
1180
793
680
34
2037
129
1030
452
1017
34
793
1683
1214
2257
2135
936
1826
1794
127
845
1206
376
1012
2076
69
559
746
69
1440
574
797
1440
1732
1800
981
559
1214
1343
1962
174
2177
1081
1254
736
499
1459
667
2159
746
746
1153
306
357
1430
2280
315
1870
767
1358
542
402
1613
682
1870
350
1320
402
1453
472
1870
1804
605
2076
762
949
667
1707
746
2018
1845
57
1607
887
1491
1826
1794
973
2037
755
629
2144
631
845
1106
265
1569
1230
2051
265
1425
2241
2051
2051
2051
2051
2051
2051
110
1286
1931
1393
747
2043
1990
767
1415
365
1931
1927
1573
1732
300
915
22
230
1595
147
1600
362
915
2257
127
936
74
110
1166
317
575
747
2066
1870
762
1197
1395
1949
40
1994
1197
1395
1593
12
1295
1493
1493
1197
1585
1585
1295
1295
1493
856
1493
1994
1585
856
1585
1295
1870
36
1125
1230
856
747
1018
1197
1395
1197
1961
1817
36
2287
1125
1230
1817
1927
1353
1817
747
515
2285
957
747
1032
767
349
1927
1845
1837
1672
392
508
528
1742
1837
1927
2257
428
1927
547
1415
515
34
492
515
2257
127
1955
1833
2068
48
1870
151
747
1870
417
747
1018
1870
1870
747
1870
146
1833
1032
515
2285
289
643
924
543
1990
746
1283
1125
1833
942
151
1642
1576
543
1955
1833
2068
1990
1990
140
917
1990
1236
1994
1079
2043
933
417
402
174
978
1152
1990
252
1224
515
1845
1230
1994
1981
2257
1845
1406
1415
1927
528
1927
2251
1927
528
1927
619
373
1214
622
107
163
1094
614
1359
1224
1214
1794
1576
1845
474
1230
1837
1665
1927
1501
1837
526
820
1665
107
1230
1698
1576
1600
1093
1817
391
1926
399
1927
543
474
1501
474
1230
1837
1210
641
426
1927
1501
1230
1230
793
1230
1641
1230
1714
1641
1927
2002
1691
1320
484
1970
2077
1927
506
2231
1826
1529
2026
701
2002
1691
1320
484
1970
2077
932
107
1845
1826
1683
2165
609
69
2214
1187
61
410
1683
373
1569
614
631
107
1683
2165
1044
99
631
1813
373
1214
820
393
1493
567
631
805
1493
746
2030
217
2037
1882
2184
2108
1951
217
831
736
1613
1826
391
311
1845
1430
638
2063
1837
1554
2051
1577
1826
2187
315
936
428
1683
1826
1557
391
371
1154
371
1683
245
567
2203
631
1224
1927
1094
1094
1881
1094
1881
1951
1927
1877
1652
256
2005
1609
2099
1501
655
393
518
1094
567
2203
631
1927
1094
1094
1881
1951
1927
164
1666
1988
2098
217
1826
1215
2272
1230
2051
1472
1069
1366
1069
371
1616
743
217
1101
2090
1779
1891
571
1877
217
1323
831
736
839
402
311
1845
406
164
406
1877
240
1415
756
718
137
519
1506
820
895
1506
895
448
1927
886
2257
766
1653
1139
137
805
2074
1845
2127
1900
1318
1038
137
1850
1101
1250
330
1692
2070
1900
137
861
1471
128
945
1837
258
1141
822
1230
151
386
818
137
430
479
1845
893
1826
810
191
1698
754
1415
2051
1230
1870
1017
915
1114
1145
137
1870
1644
1734
1870
556
2184
2051
1230
137
2051
1230
1990
1101
76
2051
1230
1870
1952
137
1145
1276
725
1145
1195
1276
2257
1195
1276
137
1144
2037
692
346
1600
239
725
1276
896
797
760
887
428
1419
260
1224
760
186
1845
2187
428
1276
777
1230
557
503
795
137
1854
317
810
191
1852
2051
1230
1870
1409
2051
1230
137
1409
2002
1506
1990
1804
2051
1230
1870
2051
1230
1870
2051
1230
137
1230
137
383
2051
1230
137
503
137
131
503
137
503
137
261
1501
261
1501
503
137
261
1501
261
1501
503
137
261
1501
261
1501
503
137
261
1501
261
1501
261
1501
261
1501
261
34
261
1501
261
1501
261
1501
261
1501
1127
261
1501
1127
261
261
1501
261
261
1501
261
1501
261
1501
261
1501
261
1501
261
1501
261
1501
1251
261
1501
261
1501
1251
261
1501
383
2051
1230
137
503
137
383
2051
1230
137
503
137
1230
137
1230
1870
383
2051
1230
1870
503
137
131
503
137
503
137
261
1501
261
1501
503
137
261
1501
261
1501
503
137
261
1501
261
1501
503
137
261
1501
261
1501
261
1501
261
1501
261
34
261
1501
261
1501
261
1501
261
1501
1127
261
1501
1127
261
261
1501
261
261
1501
261
1501
261
1501
1251
261
1501
383
2051
1230
1870
503
137
383
2051
1230
1870
503
137
1230
1870
1855
2213
85
1311
151
1826
575
1812
48
1250
1230
515
137
2201
137
1106
1415
1425
1145
1230
137
496
137
137
1230
1063
2051
2051
1230
137
2051
1230
137
1409
1926
623
48
1250
1023
1294
1230
137
704
210
68
1261
415
1276
1230
137
1398
1845
2231
1826
493
2257
932
428
1683
1145
2199
1683
897
1889
375
2279
1276
185
1990
1230
1588
2051
1230
1063
2051
920
1055
1055
1409
1230
1063
1589
787
1589
787
1589
787
1409
1230
1063
1409
1230
1063
1409
1230
1063
1230
1230
1409
1230
1063
1311
1311
151
1311
151
1409
1230
1063
1311
1230
1311
1138
1230
1311
1138
1409
2003
744
1311
468
1230
1230
1311
1311
1311
1227
1964
1230
1076
151
1732
2203
697
1311
640
1838
1558
577
1493
711
1664
46
1617
577
1415
1230
1230
1250
1230
954
137
2231
137
357
32
1145
1501
917
137
2029
137
725
2173
1081
1927
137
137
2091
137
1276
137
728
644
1845
362
244
1145
1230
1870
320
1484
932
932
1676
747
1230
151
1276
269
137
704
2231
1845
1517
2090
2233
892
2154
1401
1653
1653
340
1062
2002
1415
2169
137
2176
767
2112
136
1392
631
1752
761
252
2257
2034
872
137
137
316
12
311
932
485
954
239
137
1139
2231
1145
137
571
754
428
631
85
2257
1230
1567
137
813
316
12
440
2051
1230
137
1409
866
1063
2051
2051
1230
137
316
12
137
1145
137
1145
137
1145
932
2247
66
2091
2144
2091
1517
137
1145
214
2196
1683
1214
1312
1224
1845
1926
1855
1826
2233
782
1696
1230
151
2051
1230
1870
1870
465
1664
791
1990
2018
1011
1230
1276
137
1073
426
2051
1230
1870
213
1837
258
1141
822
1230
151
386
1343
1221
639
1139
1230
269
1145
1944
2231
754
1845
1468
256
1852
2051
947
1471
1197
382
1329
1230
109
1990
91
1152
1230
1230
1311
1311
1311
1924
880
1081
148
1741
1885
1311
2096
1254
1512
1662
1852
1230
1870
1136
1911
1249
1927
261
1501
261
1501
261
1501
261
1501
1927
434
1126
1503
72
294
644
848
85
1145
1230
1870
1503
1099
377
85
137
1145
1990
1145
1075
1845
127
845
2132
1845
1276
1214
356
193
2257
1125
831
542
1063
1514
831
1094
2257
758
1076
543
450
1289
2090
1877
758
329
1732
1289
1440
2010
85
2257
1167
1845
880
85
1117
1809
798
1990
2257
1142
1809
2278
1670
1809
1361
2037
945
1491
1732
1683
1145
2052
1256
845
427
85
2164
1813
1003
2145
109
874
28
109
2175
924
172
109
874
127
845
391
85
1927
85
487
2043
2241
1870
1416
1116
392
1904
1870
1732
392
1904
1286
736
1278
1705
2035
736
1870
1524
665
1325
1826
127
845
391
2103
1006
1683
373
1069
745
1094
1094
1459
1817
2188
538
1081
1254
2268
673
1541
1714
1635
1394
870
1289
1091
1541
1845
746
1926
1452
2257
1823
2144
317
2257
2214
758
2257
317
549
1927
1081
1140
819
48
725
1081
48
2257
1823
2144
317
48
2051
793
261
48
2051
793
261
261
2051
2051
2051
2051
2051
345
1470
827
2051
2051
345
1470
827
2051
2051
2051
2051
392
2051
2051
2051
2051
2051
2051
2051
2051
1986
1013
1171
1452
2051
2051
1986
1013
1171
1452
2051
2051
1986
1013
2198
1452
2051
1487
1466
287
1466
261
819
1466
819
1081
1140
819
48
725
1081
48
2257
2214
758
2257
317
1927
1870
746
472
1145
1386
792
1063
1453
1415
391
538
402
1145
1063
1453
915
1837
69
1742
952
1063
915
1666
1265
542
1466
930
1127
817
2065
542
22
2078
1866
1656
1127
1600
2065
485
1497
921
1204
1417
1081
1839
354
402
410
2091
146
711
831
1262
341
2058
103
711
1343
69
1013
711
711
2257
793
69
1638
442
1497
1377
1927
69
1501
1013
1927
2188
1814
758
793
1013
711
128
1690
1094
1458
1472
69
717
645
1771
1081
1254
1819
2058
1664
1430
1243
1633
1380
533
376
2005
1927
2078
2203
1604
1628
1839
1153
1926
317
531
2065
542
22
2078
645
1656
1656
2058
1101
332
1151
1880
2090
1656
887
711
1656
1626
450
69
48
131
1613
1927
69
1501
1013
1013
1927
1330
85
645
290
2203
1926
746
1927
1289
1493
1289
1501
1289
1303
1452
1289
1289
1927
417
1837
2051
714
1569
762
2051
1986
1837
2051
714
1569
762
2051
1986
1837
2051
714
1569
316
12
212
2184
308
665
1412
1230
2051
1696
2051
1593
1946
1593
1946
41
1412
1076
1453
163
720
107
1498
784
1094
1094
2029
1845
750
1415
515
1498
1076
831
1214
2069
1793
298
1110
1059
1698
1877
518
665
1648
665
1230
853
1412
1895
1902
1459
1554
746
107
1498
1732
2257
1445
1415
1502
1809
1091
2230
1021
2112
1683
1276
1276
1845
373
1826
845
1263
321
1497
954
151
1008
1826
1159
845
127
1214
373
1214
244
1571
1076
460
1076
373
2249
1867
1202
1498
515
1335
1101
2066
198
1512
233
1202
1809
233
1374
118
224
1924
308
2113
1809
1241
515
1600
1809
1553
515
1335
1947
172
1134
936
2257
472
190
20
1057
1025
2237
845
631
1927
2259
762
2051
2023
762
2051
2023
1851
762
2051
2023
762
2051
2023
1057
1167
1199
1017
793
1199
793
1199
793
1199
934
1927
1837
2051
714
1569
762
2051
2023
2132
1983
57
1562
839
845
682
1953
373
1167
478
1726
1027
1289
2257
793
1927
2076
1927
1081
1870
2153
2153
2259
1081
612
261
261
2051
2023
236
2051
2023
236
2051
2023
2051
2023
2051
2023
2051
2023
2051
2023
2051
2023
1017
2051
2023
1017
2051
2023
2051
2023
1093
1081
1870
2153
2153
1081
612
261
261
2051
2023
236
2051
2023
236
2051
2023
2051
2023
2051
2023
2051
2023
2051
2023
2051
2023
1017
2051
2023
1017
2051
2023
2051
2023
1093
2051
2023
1017
2051
216
2051
216
2051
216
2051
216
2051
216
2051
216
2051
216
2051
392
2051
216
2051
216
2051
216
1452
2051
216
1452
1487
1466
287
1466
261
819
1466
819
1927
618
687
1180
687
1683
1692
434
819
2240
884
2003
1375
2144
1013
172
1905
1585
1040
434
1017
34
107
793
531
1356
1452
1085
687
34
1009
1644
373
845
2259
762
2051
2023
762
2051
2023
1851
762
2051
2023
762
2051
2023
1057
1027
1027
793
1800
797
1027
1027
793
1027
1027
1238
681
1360
1605
1732
2257
311
1356
2118
519
1600
1604
1008
1877
2198
690
2194
121
1683
1214
1008
1877
1018
819
531
1646
1018
1484
2103
1877
515
1214
1732
311
766
1184
1018
880
1789
1837
1554
373
1569
1160
1278
1276
2257
954
1870
1453
271
1276
373
1569
1508
711
1291
746
107
2051
758
1962
680
555
2144
917
1452
2266
2266
687
2119
819
300
758
537
618
687
1368
335
1452
819
2266
1373
1303
194
1990
12
1732
1990
1578
300
1389
2249
680
1368
2266
1870
1105
379
1334
896
680
1303
288
1817
746
932
323
1742
915
1081
845
1268
69
1114
151
2055
69
833
1360
1274
1360
151
1967
2230
69
1030
1271
555
69
758
2257
555
153
69
151
1967
69
2144
1799
69
1055
1177
1202
48
1230
2051
714
1177
1569
1990
1202
762
2051
1177
1202
1004
1166
2010
2272
148
2272
34
1360
1155
1028
1055
1452
2257
758
1360
2144
78
391
1104
2074
376
1609
1824
69
746
711
159
555
507
954
434
1787
151
2266
69
758
2150
329
1732
555
507
954
434
542
1256
1101
1124
69
2249
1820
1113
711
2201
1194
85
2113
1321
373
631
1214
1747
567
2257
57
932
1007
1055
1826
2129
845
1214
317
1789
69
2093
1859
1258
496
2272
1118
151
968
1180
151
2266
1870
1517
69
1926
151
2266
874
1480
847
34
180
2159
1824
69
2023
1372
845
1613
1826
2133
590
560
392
422
1435
180
639
595
1784
1549
1617
1617
256
1076
2116
2187
1825
1272
1927
2153
1471
2153
1994
2153
1593
1412
2153
1593
570
2153
570
2153
570
2153
570
2153
1986
615
570
2153
1986
615
1197
570
2153
1967
2153
2153
1412
2153
1412
2153
1412
1967
2153
687
151
2153
275
151
1967
2153
1059
1092
2153
1541
133
124
2153
1059
1541
1967
2153
1059
1234
1967
2153
1059
2153
615
2153
151
2153
1541
1008
2153
1059
1227
2153
1059
2153
569
2153
1059
1967
2153
1059
1967
2153
2153
2259
728
2153
2259
2153
570
2153
2259
151
2153
2259
822
615
570
2153
1063
1927
85
1990
1067
252
874
84
1784
404
1983
57
537
370
531
896
1373
646
631
1990
392
1153
339
954
216
945
2003
1870
1870
1200
619
1870
2257
2022
1986
868
1870
1986
619
1961
192
868
1208
422
1012
2091
315
1707
1825
1927
1012
392
1153
434
273
2187
493
1845
2257
896
1775
2257
978
537
370
1613
1145
1870
2029
2022
819
936
1380
391
1004
1877
845
595
1784
1101
1596
192
1784
762
1401
2217
1356
687
1418
1877
953
1412
607
1085
918
1813
1794
1554
1837
2051
714
1569
762
2051
1837
2051
714
1569
762
2051
762
2051
845
1401
1673
2079
618
918
552
1927
607
1412
874
607
1927
864
1609
845
1813
1085
687
1153
2144
315
192
392
1208
1296
845
1927
2259
762
2051
762
2051
1851
762
2051
762
2051
2051
2051
2051
1986
2051
1986
1012
2051
1986
216
1870
216
216
596
1012
1870
1870
1012
1870
392
1870
422
1870
1927
845
1613
1927
2259
762
2051
762
2051
1851
762
2051
762
2051
692
743
2051
2051
2051
1986
2051
1986
1012
2051
1986
216
1870
216
216
596
1012
1870
1870
1012
392
1870
1870
422
1870
1012
1870
1870
1870
1870
1870
1870
1466
1870
793
392
1466
422
1870
1927
2257
1927
614
641
1214
1029
1267
1569
1664
2036
515
1837
2051
2036
954
316
12
2257
286
2036
515
2259
2125
1373
2259
2036
1837
845
2257
2135
970
2081
845
1837
2051
2036
845
1167
2036
515
839
822
1569
1121
839
1254
2032
839
2199
954
316
12
1415
496
2042
1935
2051
1870
2029
2028
1076
772
640
503
442
1145
1438
2061
181
1951
77
1769
1103
2251
2288
557
736
663
503
2232
1076
557
831
1951
77
1946
1913
2051
1254
1081
549
216
1081
1996
856
503
1541
856
856
503
1541
856
392
856
503
1541
503
1541
503
1541
503
1541
503
1541
503
216
503
216
1466
1034
261
2051
433
1546
2051
2006
848
2144
2006
848
2006
848
261
848
261
503
1013
216
503
1013
216
392
503
1013
216
503
1013
216
503
1541
856
856
1034
261
2051
433
1546
2257
317
2051
725
503
1013
2045
503
1013
2045
503
1013
2045
503
1013
2045
261
135
261
2051
433
1546
2051
2006
848
2144
2006
848
2006
848
261
848
261
503
1013
216
503
1013
216
392
503
1013
216
503
1013
216
503
1541
856
856
503
1541
856
392
856
503
1541
503
1541
503
1541
503
1541
503
1541
503
216
503
216
1466
1034
261
2051
433
1546
2257
317
2051
725
503
1013
2045
503
1013
2045
503
1013
2045
503
1013
2045
261
1913
503
1254
1870
2051
725
570
216
477
1838
1870
570
503
57
2051
725
570
503
652
57
503
378
822
570
503
652
570
503
652
1030
570
2051
2264
1103
570
2051
2264
1226
570
503
652
962
570
503
341
570
503
570
2051
2264
570
503
652
1946
1664
2039
2036
515
1837
2051
2036
1664
2039
2036
515
1837
2051
2036
1178
1415
1814
2042
631
1870
543
402
107
514
1415
2120
1870
1204
1409
1781
1415
1312
1063
614
1530
1084
1063
1870
1453
1812
2051
1870
1286
1569
246
1236
1145
1415
1145
542
1838
402
392
1870
216
477
1838
1870
570
503
570
503
652
57
503
341
570
2051
2264
1103
570
2051
2264
570
503
652
570
2051
2264
1226
57
2051
725
570
503
652
1946
2051
1926
1882
1870
392
2264
1081
1996
856
746
1870
426
514
317
766
1415
2081
388
57
1373
915
349
2042
1830
1063
1870
1453
1145
614
1124
1927
1453
2051
1063
1870
1453
1145
1145
1150
797
1150
1076
797
1185
1927
1664
2036
515
1837
2051
2036
2051
2232
917
2051
2257
286
2036
515
2259
2125
1373
2259
2036
1837
1569
2257
2135
970
2081
845
1837
2051
2036
845
1167
2036
515
839
822
1569
1121
839
1254
2032
839
2199
2051
2232
917
2051
2166
1845
652
1569
2148
3
426
1927
216
477
1838
1870
570
503
570
2051
725
1927
1286
1990
1415
767
1927
216
477
1838
1870
570
503
570
2051
2264
1103
570
2051
2264
1226
570
503
652
1946
570
503
652
570
503
341
570
2051
2264
570
503
652
570
2051
725
1927
1279
107
1919
1409
1415
2037
1430
746
1178
301
746
1430
534
1569
127
845
1613
826
1506
315
652
503
1927
216
477
1838
1870
570
503
570
2051
2264
570
2051
2264
1103
570
503
652
1946
570
2051
2264
1226
570
2051
725
1927
845
386
426
1145
315
2078
2034
1845
112
127
845
2036
515
1230
2051
1472
1069
1366
1069
1826
417
2026
701
1870
1453
2026
1604
542
402
1826
896
1870
1079
373
1707
1145
736
95
95
16
1281
555
507
434
1204
1063
1453
434
174
1476
1204
1169
1845
542
955
1115
766
1634
800
746
1351
354
1530
1063
316
2058
85
853
1740
1063
1877
1826
2257
2144
1006
988
1309
1817
2158
589
1415
1635
311
1845
1732
1063
65
1453
631
567
1760
1498
853
2260
1634
1441
1296
1109
1163
1109
568
703
402
954
1732
1586
829
261
1990
131
1063
1453
1719
555
507
434
495
1057
1893
1109
410
1134
1145
766
1666
622
1586
1415
1145
509
1479
1924
1683
1925
2187
330
820
174
555
507
767
1063
1453
1210
1281
1826
377
1569
1145
1518
1479
1034
261
1459
1635
442
349
442
349
498
1985
442
349
498
1985
442
349
498
1985
442
349
498
1985
442
349
498
1985
442
349
2051
1201
1430
2079
1877
1563
1926
1430
746
953
1707
131
736
746
1145
1453
1569
1877
2251
1640
856
829
95
95
16
311
1882
1081
1430
2079
1877
2035
1145
1006
1826
2237
845
281
2023
1415
687
887
819
1835
1145
1569
265
1927
2077
443
1813
493
1676
1145
265
1569
970
845
1826
1106
854
1230
2051
265
2237
845
265
1138
2051
2051
1547
1651
1145
265
1569
2257
542
1145
265
915
185
503
1826
839
2019
303
242
1126
1961
484
1779
1638
2018
1907
1126
2038
1214
932
1280
1167
1988
1846
766
1416
156
546
682
736
78
622
1416
2016
932
2255
970
434
1870
1501
1870
1501
1870
1501
1870
1501
1501
1919
845
1683
703
1100
1870
1501
845
2120
703
2222
1303
1870
2144
279
439
109
1230
759
500
557
2051
317
1870
1501
86
554
1351
279
819
978
220
732
1474
942
1726
736
2257
736
736
127
845
932
1167
1846
1826
1855
760
887
970
2231
1855
2051
1294
1425
1927
2272
1851
762
2051
762
2051
1069
762
2051
2175
2051
216
1870
216
216
151
151
151
433
1501
1870
1870
1530
1870
793
1870
2282
768
793
1800
640
1851
762
2051
762
2051
1069
762
2051
2175
2051
216
1870
216
216
216
216
151
433
1870
1870
349
1870
793
1870
392
433
433
433
1762
746
392
1870
1870
1870
2282
768
793
433
433
433
629
103
1996
2282
1870
1870
392
433
433
433
1762
746
392
1870
1870
1826
1485
839
845
681
1683
1845
1826
1683
1069
187
631
1069
551
1484
1484
932
2279
1845
1322
386
377
401
2237
845
1813
2251
1919
2237
845
377
187
631
264
614
2091
1914
798
1919
2237
187
631
631
170
300
1076
496
377
1076
968
901
1277
1749
631
1258
2051
187
1201
433
151
662
1388
1558
1076
771
1415
433
151
631
2096
1926
1130
1266
1250
1130
1558
655
1415
631
549
1086
1281
401
320
1845
1081
1076
954
1638
552
792
261
2051
1466
2051
1466
261
819
1466
819
2237
845
614
978
1091
1845
2257
57
1826
1803
2281
1645
537
2122
1847
2122
2122
745
275
1945
860
631
537
1120
1415
537
1826
377
2237
845
533
771
2013
151
1266
402
1076
1338
845
1613
2204
1110
2183
2122
1817
1950
936
1919
845
1698
208
839
845
187
631
746
107
1845
1314
845
1826
1145
304
312
1154
81
2045
226
1845
216
1145
1645
1783
960
1976
216
1006
1415
1145
216
1145
1101
1145
1415
1943
1004
1037
55
968
2258
968
1303
1760
315
1571
825
372
1825
1105
1845
647
1971
845
493
2079
1610
524
1610
258
1554
50
410
766
1258
2214
1360
2214
1564
155
1360
1708
1210
1564
426
1106
495
158
1730
1431
571
766
754
2044
874
1840
1493
69
1286
766
118
1910
2151
966
1858
315
155
1564
402
402
1564
1799
2272
1564
128
1609
1835
1356
319
1613
2144
1501
341
1876
134
109
2100
239
1221
1235
82
17
2095
341
1876
2272
1057
2100
540
1415
1197
766
1404
1499
1956
173
639
1549
173
1410
69
797
823
1564
69
842
1826
1794
1610
524
1610
258
1554
50
571
766
754
2044
874
1840
1493
69
966
1858
315
155
1564
402
402
1564
1799
1197
1197
341
871
1628
2257
2044
1114
20
163
1057
555
56
2055
1369
1169
1845
1224
1166
1257
1845
1224
19
1166
2078
1909
19
426
2252
20
986
2055
2214
874
1083
2214
2272
1118
1210
20
1057
1554
2010
1166
932
671
319
1210
631
1061
2247
1059
746
107
1779
1372
1102
164
1294
1508
1888
305
1666
911
104
248
2000
1056
409
232
818
164
746
575
1040
373
652
1059
1230
2259
503
652
652
216
2259
839
1838
305
746
1884
2010
1166
509
717
863
136
1751
336
251
164
1253
2
2142
107
532
1253
1210
2130
588
588
2010
129
588
532
863
588
2010
107
409
107
251
164
1238
717
13
1059
1678
1779
1825
316
2241
1919
387
48
1683
1412
104
1870
1214
1870
1145
2102
1312
1865
2091
614
1412
1990
187
1224
1214
317
896
1870
1453
2058
1870
1101
1409
736
1385
2131
2020
1142
541
1870
1453
896
754
104
1142
506
1006
373
1214
1106
104
1145
1524
665
1990
2080
109
300
2043
1412
915
2026
1958
1403
1145
62
1412
1322
496
1145
853
1275
1412
1275
1412
1214
784
129
1412
380
137
1870
1210
1230
151
1412
104
1412
1870
1453
767
641
1385
938
315
2081
936
767
187
1224
1373
57
391
746
1870
1453
104
506
1006
1230
151
1412
1412
1870
130
1778
151
1412
187
1224
565
185
1870
1683
1214
1827
2257
252
1638
824
2091
831
736
1506
1401
915
1409
412
1101
1870
412
2257
1063
1870
1453
373
380
1214
1321
1230
151
1230
151
1412
380
137
1870
614
1230
151
104
1412
1870
1412
1870
1567
1412
428
2186
494
1412
2076
1412
1106
376
991
1167
1845
621
1230
2051
1214
1366
1472
1214
373
2077
373
1569
1826
2237
845
1683
1845
1845
373
845
127
1272
1344
1145
1415
1312
1110
1238
1468
369
1214
614
187
1224
1692
2008
1584
659
369
1167
1276
2232
1818
212
1978
1404
69
754
1611
151
831
69
831
174
1978
86
1845
2090
1683
2228
1732
1530
2186
853
1076
831
317
1609
1877
1698
2079
1232
2079
1876
2186
69
2246
1391
1050
172
1276
2037
803
1845
1027
616
279
1221
109
1725
164
2257
2257
1680
766
2037
1167
717
932
1221
732
2051
732
109
616
284
2183
1789
345
2076
1588
216
1439
216
1401
1501
1155
305
1036
1501
337
1271
2214
1250
1870
1714
1962
2091
1840
1683
226
844
2079
226
549
1620
2079
151
34
1609
1101
109
2124
1101
109
2124
880
2076
1883
373
1569
1683
631
1600
1687
1057
1871
1055
37
23
1845
319
420
2223
140
2257
2007
549
1086
1143
1452
1176
1013
934
523
87
434
1292
1013
402
896
1281
1967
509
614
151
968
1692
1143
1452
819
687
1013
934
1779
1271
178
292
1250
710
182
1823
151
1085
687
2079
48
2214
2175
109
1957
1085
687
2175
1626
687
156
1683
373
614
952
104
333
85
1145
1214
373
1214
373
1214
1167
1554
1683
1889
2199
1683
1214
151
1008
711
2237
796
537
2029
348
151
1737
151
1008
2022
151
391
896
1204
1867
792
2245
1030
198
1578
151
1057
1460
1030
496
1704
868
2198
717
291
1698
1071
1276
850
1794
2037
2187
661
2144
1222
2155
55
2144
1845
1126
2038
1834
373
1101
1996
287
537
2249
1704
392
151
1967
1945
291
1965
151
1008
531
896
531
1731
1008
1342
1153
2144
2110
2022
151
1338
460
1076
2144
1826
1794
2132
1401
153
439
109
1202
1230
759
2001
2051
982
1221
759
1415
1055
622
2087
554
2187
1787
1055
354
554
1063
1453
1076
579
1063
942
1402
1063
1870
1453
1710
2078
315
1055
746
1600
746
1430
1210
1678
1742
1672
1845
915
2091
622
373
1845
2132
1845
1276
1214
2103
151
954
1919
843
2257
2272
234
932
631
1276
2007
1145
1882
1926
629
1903
1535
373
746
373
1276
2257
778
1870
615
2188
868
1870
1030
1883
1870
2257
1651
629
1281
2257
778
1927
2077
1278
1507
1278
7
479
2037
311
932
107
1569
1927
850
1343
1471
1698
639
177
1160
98
1817
565
824
376
1415
151
1027
1093
410
20
2055
1114
1697
1179
1760
216
1081
1281
740
836
1303
646
807
1153
392
1870
151
1276
1106
1415
82
1613
2113
1877
291
121
2230
831
1732
1214
614
1927
649
291
1214
1399
2081
1214
870
407
629
1076
758
2026
1325
175
1779
108
614
631
712
1094
934
831
1214
934
2124
831
2038
2014
2249
355
373
1214
1484
373
1214
373
1214
614
1825
2155
1458
373
1558
518
1825
2144
1979
433
1529
373
1214
127
845
932
1167
1846
1826
1826
614
1440
2237
766
1214
373
1230
2051
1472
1069
1366
1069
1698
1106
766
845
993
1386
792
877
1506
1826
845
127
1069
1276
1145
1386
792
1133
1593
1946
650
1593
1946
705
1593
1946
1484
614
1076
415
896
518
798
1346
28
850
1569
542
376
1683
1896
2132
1845
932
1491
542
136
115
597
1870
542
402
2257
631
309
1465
1826
1506
597
1004
1926
115
614
187
631
1927
1319
1784
1005
693
69
847
1870
1833
1927
874
1281
1870
2022
874
2257
1173
766
746
107
1210
1441
2075
2216
631
1726
562
1289
1726
217
849
1506
1142
977
2216
631
2257
129
38
1142
1415
1886
1880
1927
631
1927
2224
1845
1837
1554
819
819
1378
1789
300
69
758
42
618
687
2266
1813
1877
348
758
402
2022
2266
2022
1989
531
2266
192
1433
2266
687
2098
1417
1845
151
1008
1008
758
329
1155
687
2266
850
373
758
329
1986
1615
932
1167
1926
26
1065
1622
1878
1214
2257
2156
1770
1276
960
1085
1738
1988
1862
746
953
330
2071
2175
1862
1832
526
1740
2187
618
1767
1101
1112
709
1303
628
1439
1363
2043
1057
2198
1975
1717
1369
1242
353
2285
542
725
853
1569
1683
2257
2034
350
315
1178
1773
1166
2013
341
1351
831
1125
377
1613
151
963
1926
319
1268
402
402
151
466
1422
1845
1001
1683
1569
746
1826
1707
373
1214
1465
1573
1214
1826
1794
373
1214
2257
2034
1826
373
1569
1320
1644
1907
845
187
631
631
106
1149
216
212
1069
853
106
1149
216
915
1523
1995
1165
2255
341
1967
2029
1499
1412
631
631
631
2051
631
1194
631
2051
187
1412
903
2281
1499
665
1224
631
486
129
631
856
2193
856
631
1466
1224
538
185
1103
2005
1224
1466
187
2142
631
2142
754
2058
874
552
1224
1412
631
1609
631
1701
1076
1063
2091
1210
655
106
1149
434
1091
1833
1440
2257
33
665
1224
856
464
762
2051
874
1151
874
187
1224
874
449
1224
870
2062
1201
187
1224
631
2051
187
1151
187
1224
631
2051
187
1412
1151
1412
187
1224
486
631
631
2051
187
1412
1412
631
2051
187
1151
187
1224
486
631
631
2051
187
794
845
1504
1845
1825
845
1415
1526
144
1165
2255
426
1919
540
1145
845
845
2138
1976
839
1069
377
845
845
1976
1872
1440
631
2051
631
1069
631
1106
527
216
1324
1332
2077
151
615
827
106
1149
1145
1106
1415
1145
1324
291
151
1898
845
1238
1523
1995
1069
523
172
816
827
434
85
860
434
1430
2257
129
1108
170
845
1441
1165
2255
1547
731
845
1698
1825
324
1477
144
1988
951
341
216
434
1085
687
961
2033
936
1826
1707
845
1004
172
401
552
1108
170
1626
172
874
860
1108
170
2005
1085
687
1813
1523
245
145
341
1967
1274
973
341
1967
2062
1452
1919
845
845
2257
932
107
1261
1224
2115
870
1224
2051
631
2080
1845
631
1250
845
2051
631
631
1250
845
1384
1547
69
20
241
2144
1274
506
241
1452
1281
69
1321
20
2257
212
1845
845
1508
614
1151
1325
1106
860
434
1519
2035
1543
819
552
792
537
2168
1543
819
945
170
552
792
1999
792
860
456
410
758
1199
34
151
2144
607
607
151
2144
845
2056
614
4
426
1554
1842
1779
434
736
584
434
434
434
1683
1523
1995
2144
1300
223
221
1506
1415
106
1149
68
221
1344
172
1351
144
1683
845
2144
1800
1027
1800
797
1800
2159
484
1813
488
1027
793
1027
2257
793
151
426
1104
779
671
932
655
434
701
129
144
1050
1542
2240
2257
305
979
1050
1170
1927
1872
144
978
434
973
434
1823
241
1050
618
918
241
827
1977
839
1826
1286
2279
1072
1165
1526
1441
1165
845
1066
1050
323
845
2257
936
845
1508
619
1526
434
1165
2255
434
945
816
1841
1841
2168
1106
552
792
614
2144
1452
434
792
792
792
860
792
792
223
338
1548
28
192
247
1105
341
2078
845
664
655
1683
2103
845
845
973
68
1845
1199
34
151
1321
1199
34
151
434
343
1072
523
434
1523
245
661
1452
434
845
1415
1452
2144
1698
1199
34
151
1466
1199
151
1199
34
151
1927
845
1199
34
151
1466
1199
151
1199
34
151
1927
845
1199
34
151
1466
1199
151
1199
34
151
1927
845
1419
631
567
1136
2232
753
169
264
616
966
1526
144
434
129
1526
144
2144
226
1085
918
1415
2144
1004
428
845
2144
645
966
1841
2005
1085
687
788
1110
793
788
860
746
226
827
144
687
2078
793
860
1106
151
151
434
1260
631
382
1826
2129
760
887
183
845
263
2187
845
845
1813
2237
845
434
2005
1626
172
1108
170
116
758
845
661
2144
1090
617
687
1626
1415
1108
170
86
1845
1613
1373
1924
484
1224
2096
1919
845
1683
1941
1919
2237
845
1919
2237
845
86
1845
655
426
1425
1294
919
845
2195
1666
1072
874
1919
746
936
845
1875
1826
1210
631
1589
1214
377
283
1069
1230
2051
1548
1833
873
151
1289
1945
1485
1833
2076
1214
104
945
1485
341
1990
1383
1704
2186
1008
151
1270
2091
1210
1359
1224
896
1837
839
631
1845
2147
1296
631
1837
2234
1059
631
2051
1059
1484
1122
733
1230
151
269
137
704
2231
845
1303
831
1732
1224
1813
262
1977
1224
1294
1826
845
1683
631
1826
845
127
845
127
1826
1845
373
845
1851
762
2051
216
762
2051
216
1069
762
2051
216
2175
1881
1881
1881
1881
1881
1881
1881
1951
1094
1951
1094
1951
845
45
762
2051
216
1069
762
2051
216
2175
1951
1094
1951
1094
1951
1050
728
50
373
1169
557
2257
936
1683
127
1276
216
1569
932
1167
1846
1826
1875
1826
216
1276
373
1214
57
608
2175
1732
1101
1653
1732
373
1214
614
631
373
1214
92
723
92
2057
1126
1351
1351
1126
1683
92
723
2057
1351
723
2124
2257
1459
2124
2173
2257
1116
1167
1554
1276
1826
1826
373
1683
845
127
515
350
1530
772
515
793
1587
2003
493
2000
793
330
1826
1794
1845
373
1214
2000
554
629
793
1535
92
554
932
1167
311
1826
1344
1385
1225
376
216
1012
2109
2282
768
798
1012
1990
1168
1055
531
1168
2046
1755
1055
932
1167
1846
1826
2072
805
49
216
193
1012
2109
202
1012
1990
1747
805
911
20
1094
216
575
1952
1055
1877
1747
1081
2077
1166
1055
805
85
1166
1600
1166
1562
1210
1076
2159
2257
85
1166
391
1608
526
1600
1076
414
2038
1076
954
602
69
1076
1843
1608
681
2271
69
1076
377
69
831
883
2010
2272
1576
1600
366
2214
2037
1529
1381
1166
85
1055
631
1166
274
1600
410
1166
1367
305
824
113
905
1055
2037
2079
279
2037
1315
1166
305
85
1055
1600
2132
1983
57
1055
1166
363
883
1012
1440
797
1214
1214
391
1569
1145
762
556
1569
1145
216
1826
443
2180
850
682
746
91
775
725
2125
1837
2125
2051
1785
2051
2051
216
2258
1267
1837
2125
2051
1785
2051
2051
216
2258
725
2051
216
2258
1409
1826
746
2147
762
1789
2015
819
1230
759
2001
2051
982
1221
759
1826
1875
1047
964
725
1276
2089
850
402
1278
1926
2010
1145
2258
1852
958
216
216
2258
338
597
216
2258
1870
1409
1765
1164
1211
1063
542
1724
921
2257
1338
2258
954
216
1286
1338
2051
762
725
1567
1145
216
622
1570
1084
514
216
725
1339
1276
2199
373
1006
967
538
185
1084
514
538
185
1530
1409
1084
514
725
1409
1409
1084
514
725
1409
1081
735
1338
216
216
2258
1569
746
2179
1081
1924
2257
932
1167
1845
1569
1145
932
1029
1415
1569
2257
1952
433
402
433
1232
631
932
323
1726
1157
107
980
1594
2257
936
631
2127
1508
1826
1070
1812
1093
2030
1167
1027
151
151
1167
1027
2257
1955
1199
1837
1554
1577
1837
2234
875
631
631
1202
2214
1091
1076
496
1076
896
2150
163
1202
1609
2285
1076
1156
1472
1076
109
1202
515
1597
2056
896
614
1214
1101
1202
1649
1258
515
1091
953
695
2078
543
479
25
1813
2257
1145
1569
754
1742
1927
69
797
134
90
268
268
1289
1493
202
797
1493
202
797
1501
1289
1493
722
202
797
1493
722
202
797
722
1927
896
1600
936
1817
1845
1286
187
1224
2264
1226
69
1927
69
134
1289
1493
1493
1501
596
107
793
596
831
831
2149
831
2149
2149
1927
187
631
1920
1595
107
1094
1226
1378
758
1595
2257
2056
1927
305
1789
1146
187
631
954
1274
793
161
1076
1274
1167
1554
1214
1726
1722
1153
690
793
1315
1722
936
1699
1424
2012
949
1415
793
2239
1153
1230
1153
1294
1826
845
845
1569
1683
1845
127
1683
932
1167
1845
1846
1826
1919
1508
143
1683
226
459
224
1645
122
1430
766
391
845
2201
1919
845
337
660
1683
2201
1919
845
1271
1952
1415
1645
2045
918
109
687
34
2045
687
34
932
631
845
1826
622
845
1151
631
226
1125
1063
538
631
2201
1373
503
973
226
1373
503
2201
1826
631
767
1683
373
1214
1554
1276
373
1214
392
1362
728
392
1153
728
1926
2257
1182
1837
2029
728
1613
74
493
1826
1159
845
896
573
728
2029
2029
754
392
1238
1996
545
2257
2029
137
728
2022
373
1674
1837
2051
714
1569
316
12
2081
2144
1806
1076
736
2144
1519
831
1689
2053
1076
2241
12
499
1459
55
2257
1459
2144
2076
2247
942
1355
185
918
879
687
1457
879
687
1813
1526
1610
1845
936
1683
1539
86
1845
1813
226
319
1344
153
947
1870
2202
1448
523
879
687
830
1101
767
1527
185
918
1813
1526
1610
2175
174
164
2275
1433
687
1136
1747
1661
1224
1831
1202
239
216
746
107
2203
319
932
1167
1845
1846
1826
1837
2051
1472
1069
1366
1069
1826
935
493
686
2266
874
373
1674
2013
319
460
615
1030
1967
1030
341
162
1101
1967
1030
1702
162
214
2018
1996
392
1274
1989
2022
845
631
2115
69
170
1945
1813
1684
1927
615
1274
1875
291
631
2051
631
1061
1845
1106
1573
839
1837
2051
714
1569
762
2051
831
631
2051
831
631
2051
831
631
1250
1927
1501
1501
1501
1501
1002
1694
1694
1501
1501
1501
1501
1002
1694
1694
1927
478
137
1430
746
1145
1569
311
813
1430
2074
373
1281
151
34
1967
2186
402
373
1214
1167
1554
1826
796
614
12
736
1870
1453
754
954
410
1870
1385
141
372
2079
1870
2196
1616
2133
1253
532
1385
1151
856
441
1904
494
410
1990
2091
151
1904
2162
754
1746
2222
853
1385
434
1230
2051
1569
762
2051
1472
1352
896
1063
1870
1453
1509
12
1508
141
1385
1990
1815
824
842
2257
2058
141
622
1692
1513
2058
2154
12
746
558
1825
622
151
1508
1497
141
2257
1877
798
217
217
1356
315
95
1348
426
1870
1356
12
2213
1990
402
1990
2196
2213
1343
1674
1927
1952
1091
2100
555
2144
2037
724
537
746
1210
85
518
1091
2124
109
145
1340
109
373
216
1732
1303
831
397
216
831
1124
1303
831
2073
2104
907
1644
1792
145
1373
2073
1055
376
2281
1732
216
831
1303
831
2188
216
2272
1124
1303
831
2264
1226
1926
148
216
831
1452
1826
845
1704
1981
373
2191
746
932
428
845
85
1919
845
1388
1926
1204
1123
1826
1031
631
1845
1224
1415
12
499
970
845
1210
631
631
71
845
127
1569
1826
1707
1927
880
317
488
1799
34
1099
1845
373
2223
1919
1202
1008
1683
845
311
1683
1927
2259
2264
1226
762
2051
2264
415
415
2264
1226
762
2051
2264
415
415
1851
2264
1226
762
2051
2264
415
415
2264
1226
762
2051
2264
415
415
1501
1893
657
1501
1501
1501
1493
1493
797
1493
657
1493
657
1493
1927
127
845
813
1322
1276
932
1167
1846
1343
1180
2266
434
368
303
947
1214
410
1698
496
1415
1274
151
2257
853
1870
199
577
1569
542
1106
647
2203
1224
1747
1224
932
107
1569
542
1076
1870
311
1554
373
1214
373
1826
373
1069
85
845
545
747
1511
1032
1126
1343
1732
410
515
221
1692
747
2144
1690
2144
747
1530
1613
1600
434
1094
515
221
295
554
1865
747
1032
2144
305
1274
1609
845
1230
981
856
1326
515
1729
2144
1636
1649
2144
607
151
2144
940
554
1789
1756
434
518
1649
1452
747
2144
2091
1810
515
221
2094
1412
1802
573
898
2131
515
1440
812
394
2078
1224
1412
128
137
1139
1343
2076
952
747
1032
1018
239
1029
936
1415
2107
1214
1974
850
2220
1683
1276
1145
1658
1845
919
1059
2010
2272
1059
86
129
1990
1312
2125
410
1732
824
2037
1312
2125
377
848
1106
947
1990
410
1732
1151
10
1006
1990
1479
1059
608
1100
947
1079
1312
1303
845
2046
1217
701
1093
2081
947
1870
1732
782
1782
362
1312
2125
305
85
954
339
458
845
805
59
1845
2278
880
845
923
1538
1793
746
1988
492
151
655
978
172
172
618
1008
687
665
151
1114
754
936
450
1480
729
1787
151
1114
151
729
151
1057
2257
936
746
2106
1896
945
893
936
2043
1845
1926
618
687
2156
665
729
1276
746
1457
1651
111
2189
1793
1276
687
151
1008
613
1793
725
945
665
1199
1316
151
1787
1030
392
2156
1008
543
151
359
350
1926
301
845
144
1926
729
2257
1433
1057
151
1008
350
2144
1926
618
687
614
2237
845
845
226
767
631
319
2135
216
906
1707
1927
613
151
1008
1180
49
1271
687
819
729
172
1008
1900
1452
1203
2088
1548
2257
231
172
1628
1526
1203
1224
1849
1908
1826
2187
391
1004
1360
1314
1015
746
932
622
69
2216
622
1360
542
1005
1732
797
1388
159
1924
391
69
1750
2082
1162
1600
1498
2037
1508
1005
1297
1386
792
1242
2257
1845
1081
1101
1762
1322
895
1826
954
896
1762
991
1483
1988
1026
69
1055
1401
1360
2144
257
1274
2090
1274
2286
1081
542
1926
1950
542
1373
1979
2144
1401
1750
2257
1167
1167
1826
1707
701
1386
542
1762
1386
1358
1939
404
1343
1742
1870
736
6
2202
858
675
1617
610
402
2135
1845
2231
1817
1845
1953
1417
1076
1289
1966
1897
1202
1018
1275
317
766
472
1793
941
6
39
1793
1988
1202
1809
92
713
1004
502
2137
766
2013
154
461
457
1702
1812
1167
1845
1590
1926
1062
1735
2231
1845
1900
1789
1230
151
2272
1592
1772
1230
1614
2132
1845
1653
340
1926
941
6
1793
211
1230
616
1167
1230
2136
137
2076
1230
2205
503
137
2169
2277
1785
657
2257
397
1793
2245
2188
798
1834
1837
2051
714
1569
762
2051
1013
338
1372
1412
2214
1340
790
1748
1674
614
260
369
1214
107
1576
1214
1004
129
1576
978
1856
174
85
555
507
434
1762
535
107
645
488
1924
874
1286
1453
69
547
1927
1057
56
2055
793
1927
2188
1081
1927
1057
2055
711
1383
2206
1114
1927
2188
1821
434
1204
1453
2169
1204
434
1126
546
1988
896
1762
1430
978
373
391
2037
2257
2039
1484
2037
2039
1484
525
2083
1151
1683
2120
1447
2037
373
1145
1343
766
1998
2176
1409
1101
1870
373
1569
1409
1870
350
373
1214
373
2000
2222
2282
57
1573
2282
1826
127
845
932
1167
1846
1826
1826
845
127
1214
1124
2158
1919
845
347
1877
1230
151
1412
850
2281
845
813
1230
880
1412
1877
1898
1276
760
887
1844
424
1157
1826
1794
1004
1198
2158
2237
845
1683
1214
932
2135
1384
1927
2257
831
377
518
1076
1051
845
1326
831
2091
1076
1430
746
1032
1683
767
129
1289
1296
1076
831
198
831
1787
377
767
1395
1904
1787
377
362
736
622
1289
767
1787
377
896
373
850
2257
1889
1247
1733
1145
2257
1006
239
500
1230
500
2051
107
1593
2190
1114
2089
1826
1338
1889
375
2089
1185
1276
531
375
1230
2051
1696
2219
1276
1810
802
1841
419
402
325
446
775
487
767
1519
1172
1520
1889
375
377
893
2257
896
1889
775
1743
921
1276
954
1185
1939
1870
1617
1466
741
1336
1582
993
597
137
728
1210
2051
1230
797
2051
1230
797
631
1414
2007
1845
1870
1385
1870
1230
1412
619
599
970
845
839
127
845
373
2191
1870
104
333
1214
536
2237
2081
1870
1058
1996
392
1230
1436
2160
2084
137
896
770
991
137
2104
1145
2160
754
1145
2010
1145
591
1919
845
137
426
337
1006
1230
69
2074
845
1587
839
1826
1630
301
283
391
760
887
44
970
845
1826
373
1214
127
845
845
1919
614
2155
839
1230
2051
1472
1069
1366
1069
762
1845
2125
1747
1224
567
151
2125
2125
151
2051
341
2202
1835
2125
12
1225
2257
1710
1575
12
1055
12
1412
841
12
308
1231
1230
2125
189
1055
12
189
1575
12
1779
1229
2224
2043
50
499
2257
789
962
1835
402
2087
125
1055
1400
762
2272
2076
125
1945
1055
1412
2043
915
701
1732
2043
2125
1999
915
1101
12
701
1732
2043
2125
1999
915
1101
1926
2010
443
962
2125
1412
2026
701
1210
1055
665
1525
8
2087
1055
2003
1785
1323
845
265
2051
2051
631
2051
2051
2051
2051
2051
2051
824
706
467
666
2270
2015
2003
635
932
1587
1869
2208
546
683
209
2257
1797
2237
1683
1139
137
1698
754
137
137
2257
2034
1845
373
1613
1475
754
540
363
665
1230
1076
1870
1416
1787
1079
1760
1569
1926
1268
896
542
1230
915
845
493
1845
338
192
607
28
530
845
746
192
2078
1867
627
137
819
58
2257
496
434
848
1131
1548
2179
2210
2257
896
1679
2203
1817
2257
1834
1845
1996
1226
1927
835
1230
1227
1230
1018
392
1230
1870
1588
317
754
1845
1878
1870
1416
1666
1619
412
373
245
814
1230
151
1948
707
1760
1070
1813
1174
754
2257
2039
1826
264
599
2257
631
137
1407
1230
151
1415
137
1789
985
1837
1259
1631
1221
1837
1259
1631
1221
614
631
331
1683
2166
1392
237
1230
2051
2023
1226
717
954
1990
845
127
127
85
1927
581
2047
1242
127
2237
1683
745
694
2081
1214
1826
1803
2081
1683
1214
932
2135
2035
845
1554
820
845
29
1683
530
845
1747
1250
949
1094
34
745
745
1118
1094
2124
1094
1268
240
1250
48
2072
261
261
2257
1556
261
261
2051
694
1250
193
745
518
518
1600
1101
745
518
520
221
1417
2124
1094
2124
1517
841
1600
1683
1554
896
1806
745
518
841
841
1094
484
2237
845
932
2247
581
1654
581
1575
708
2251
1495
1101
437
1826
845
1683
398
1826
631
1747
567
896
1351
1870
2048
2202
896
1283
353
1470
1870
695
706
646
1303
1554
274
542
402
258
402
1924
274
1123
1924
274
1709
238
1945
221
2194
614
1692
290
2112
290
2112
1089
2241
2048
1395
258
402
1395
951
646
1870
185
1709
238
2090
1105
478
2169
20
1793
2257
1952
478
36
1793
1833
1268
1466
330
1667
128
717
12
308
746
274
777
2272
1089
2173
746
331
1395
841
308
506
694
2272
776
1826
1470
257
331
1870
185
1395
91
2269
861
258
402
1924
274
1320
1870
1395
2029
868
394
2247
1608
12
1709
1608
1451
1709
866
2124
2222
1709
257
712
866
2124
1100
1709
257
2162
115
1810
1724
2105
945
694
299
2202
717
12
1081
1794
406
1210
1081
1794
2105
736
2037
1698
736
2037
1492
1666
2257
2214
1463
331
1415
290
1709
127
124
2194
619
1709
798
2194
2091
672
396
945
2194
1353
317
1225
1492
1673
655
292
984
2134
1250
12
1145
1220
1230
1230
758
1230
1230
1508
1617
48
1395
1493
1838
1493
644
1838
644
410
797
2124
1501
644
1508
644
1395
34
12
1145
1220
1230
1230
758
1230
1230
1508
1617
48
1395
1493
1838
1493
644
1838
644
410
797
2124
1501
644
1508
644
1395
34
1250
129
984
12
1145
1220
1230
1230
758
1230
1230
1508
1617
48
1395
1493
1838
1493
644
1838
644
410
797
2124
1501
644
1508
644
1395
34
694
1081
1684
2124
717
1785
317
1996
292
1230
1417
156
984
1250
1926
1010
2250
2162
1308
308
694
706
1954
1778
1862
861
1683
1276
1683
1004
1683
1957
1735
1870
2196
1659
1412
1004
2046
21
1055
1057
2257
317
736
447
866
2124
151
1870
901
1617
21
1073
380
1990
926
2197
1142
1618
20
1214
762
1845
373
1224
870
2266
874
1674
474
1027
136
1651
565
2266
69
386
557
109
1167
1845
485
985
2266
874
100
2263
2266
69
1845
1501
793
2266
2266
2266
174
1967
2266
2266
2030
433
433
1081
2072
2108
2266
1076
34
746
1988
1299
1826
1794
1845
614
107
49
808
907
1214
82
118
2072
2257
1904
1005
2030
907
1401
2072
808
736
2193
736
201
393
1789
736
564
2279
978
1927
2071
1653
1882
735
1907
1101
1350
2155
976
1833
2266
2030
907
1013
271
792
1789
362
329
2266
1076
650
1942
1942
2257
1692
118
2072
330
792
1942
300
2266
1076
1826
469
2129
86
1845
2214
1000
1845
1281
1826
936
107
1789
393
1718
561
1555
1466
1247
1787
559
1845
988
1309
1167
1276
1145
853
1214
1453
369
1063
1870
1453
1145
1441
815
2040
1444
1441
1826
1794
373
1069
1810
1870
1076
1415
151
617
1870
85
2214
2055
2113
986
845
1167
1883
2076
2091
1698
1883
766
239
1224
2010
1224
1926
1224
1076
1926
1747
846
1210
1224
1747
557
109
279
1230
759
500
557
759
1290
515
1028
1055
1055
1076
617
2035
2200
1501
2144
1799
1180
1870
619
2267
1988
1930
1870
954
702
954
665
1870
1076
1126
1799
1229
488
1870
2202
1283
1501
1076
1055
1135
1870
2113
2150
2051
1870
376
1534
625
1501
2144
377
896
1570
1870
2113
847
1076
1238
986
1671
1076
2105
1845
341
2272
1277
1209
1990
1004
253
69
1905
1683
1277
1990
1870
127
845
187
631
257
331
2055
986
408
1214
871
425
871
425
1210
187
1224
331
977
2055
1464
2055
986
123
986
377
845
180
2266
1277
1127
845
1883
766
1127
1004
187
1224
746
983
1845
319
1616
1384
1501
973
1548
2144
2051
1501
1274
1655
85
2035
2200
1015
1501
1810
1870
1501
1501
2113
793
2113
1256
631
2097
1501
2237
1683
1859
1333
986
1076
425
986
2026
701
2026
1958
1055
2146
1845
212
109
1581
1464
2055
1570
1464
2055
1581
1076
496
2113
793
1076
496
1076
744
2266
2113
793
1570
2113
2113
793
1076
496
2113
665
1076
793
2113
2113
793
1076
2113
2113
793
1076
793
1326
1076
986
2055
1698
845
1613
1256
2010
1927
1124
1870
2113
1180
2055
845
1883
766
1167
1276
1055
1076
617
2035
2200
1501
2144
1799
1180
1870
619
1131
1870
2113
973
1799
1452
1501
509
1076
1076
1045
1799
1870
2113
793
425
1799
1180
1870
1671
1870
1004
600
746
1911
1608
1055
1650
2200
853
1687
1131
85
319
844
1845
2173
1779
1684
1177
1055
1625
1810
1870
509
1076
619
1415
1501
793
1759
820
1030
2124
377
696
1030
2038
607
1501
1845
1508
2009
2035
2200
1452
979
1671
1076
34
1799
425
1870
665
1076
2188
1076
1671
1870
2081
845
848
319
1076
34
496
1125
2035
2200
434
711
1732
1732
2257
716
523
793
107
1870
2113
436
1055
1276
1145
1076
151
1055
1145
2113
986
434
2200
1006
257
1810
1990
2113
986
793
2113
1091
2214
1076
1118
1799
1118
1799
1392
2113
402
1870
425
1799
1870
1161
1076
34
1870
2113
1732
793
2257
1799
1817
2257
2034
1145
1415
1145
1063
1453
1386
792
1329
1927
1417
1817
1826
469
2285
391
1415
1063
1453
391
1047
1657
1145
767
1242
1034
1792
1500
2257
2039
373
1214
57
373
1214
614
1825
2155
1458
373
1558
518
1825
2144
1979
433
1529
978
29
1845
1937
317
2024
1484
2132
1845
1210
629
1616
143
778
622
1470
1295
317
631
915
1919
1927
12
1453
503
1470
1295
1145
1145
1076
2051
1063
1453
851
2143
2143
851
688
860
797
797
860
688
2051
1063
1870
1453
851
2143
1385
2143
851
688
860
797
797
860
688
1076
1453
1927
1063
954
915
1274
1254
349
1152
762
915
2257
1827
2253
349
1152
1469
1106
1926
766
1845
57
1698
1716
1294
655
2272
1417
1817
746
932
1145
1919
845
311
572
1088
845
1683
1683
653
20
1100
434
2077
86
793
1927
936
532
20
1100
129
1554
1787
532
2037
1554
902
758
484
2222
845
1442
164
956
135
2222
1479
214
1056
766
766
484
1572
766
1479
135
1100
1644
1926
455
766
317
20
1100
1659
1687
934
705
135
1100
49
766
1983
20
202
1100
1100
1321
746
1175
681
754
129
252
86
924
1683
1893
1056
409
107
434
2077
1893
1142
1484
1781
614
109
1877
369
1813
2077
109
145
1870
532
2185
145
1183
1493
145
1781
145
1781
135
349
748
1883
109
1781
1870
430
1990
428
2257
952
109
1781
886
219
1870
2081
607
1101
1446
1391
2035
109
21
1870
845
2265
109
1180
109
252
409
1845
1927
196
109
2257
164
1034
1845
485
1845
1404
681
127
744
845
352
652
1230
2259
503
652
652
216
2259
839
1838
932
1167
1846
1826
1955
1057
2037
1034
1554
503
2037
1837
50
503
50
2037
1838
1845
1145
1230
469
1224
746
1734
932
1491
1845
373
1932
1091
1932
1111
305
2037
493
1927
705
1560
1880
450
2090
622
426
2188
878
865
201
935
1151
2257
2034
1444
2037
1817
402
936
1673
2037
1225
736
1644
320
1230
50
915
143
503
342
1040
893
310
1430
679
2257
79
1939
2022
2083
478
1845
373
1145
1063
1870
1453
1372
316
2037
12
1145
1220
915
1230
758
1230
1063
2051
316
1230
1063
2051
1063
1230
1063
2051
316
2152
1145
1145
1804
1870
1804
542
1453
2051
1063
1870
1453
1145
1145
1150
797
1150
1076
1185
1185
1076
1453
542
426
1145
1145
426
915
1762
974
1081
1638
868
82
1081
2257
717
1401
1005
915
1919
2237
1529
658
1145
1683
1106
52
317
1272
1566
1452
1194
1037
631
665
631
1826
1919
187
631
817
660
1236
107
1481
817
736
2037
1617
1929
896
1344
2120
1664
2039
2036
515
1837
2051
2036
2036
2120
1415
839
1145
973
12
1266
350
947
392
1450
12
392
1190
1924
556
1990
2241
1236
1266
947
392
252
126
1353
549
1086
1450
12
2022
392
2257
2187
1927
939
261
819
2051
216
2051
216
1153
2051
1013
2051
1013
954
2051
1013
954
2051
1013
531
2051
1013
1466
1927
1664
2036
515
1837
2051
2036
1683
1837
1554
2051
1577
1299
1870
1870
2113
1097
736
1101
1851
1537
2071
554
1493
1097
631
614
2257
286
2036
515
2259
2125
1373
2259
2036
1837
1569
2257
2135
970
2081
845
1837
2051
2036
845
1167
2036
515
839
822
1569
1121
839
1254
2032
839
1754
2199
1299
1870
1870
2113
1097
839
1754
2199
1299
1870
1870
2113
1097
736
1101
1851
1537
2071
554
1493
1097
631
614
174
631
1256
402
631
631
1812
845
1927
392
1904
1838
1904
1493
570
1303
1870
570
570
2051
1870
570
2051
1702
1870
570
2051
570
2051
1870
2125
570
2051
1076
151
570
2051
736
185
725
570
2051
2264
1103
570
2051
2264
570
2051
2264
1226
570
2051
570
106
2155
1412
570
106
2155
151
570
12
1927
12
12
736
1079
646
2179
1870
317
350
1355
736
1870
1664
2039
2036
515
1837
2051
2036
1817
1826
1707
1845
1286
845
1877
2262
392
12
1686
845
121
2074
746
932
655
393
554
1293
260
1537
554
2231
1272
1828
845
885
79
1962
1210
1604
736
554
1837
2051
714
1569
762
2051
1013
631
2051
1013
1837
2051
1472
1069
1366
1069
1242
1488
845
495
1384
2081
1664
2036
515
1837
2051
2036
1299
1870
1870
2113
1097
2257
286
2036
515
2259
2125
1373
2259
2036
1837
1569
2257
2135
970
2081
845
1837
2051
2036
845
1167
2036
515
839
822
1569
1121
839
1254
2032
839
1754
2199
1299
1870
1870
2113
1097
128
845
2074
1356
1131
273
2214
1870
1409
853
651
12
736
1870
2223
2098
947
1870
2113
1097
736
91
12
1356
2195
1780
2144
357
2005
105
947
775
947
1990
1990
1870
2113
2214
853
1870
2113
107
554
793
554
357
1617
344
1236
2214
412
34
947
1870
2214
412
34
1210
879
1125
531
2144
860
2144
128
845
2195
2144
889
2241
1286
412
34
651
736
1616
1926
412
34
317
12
736
2223
736
614
1516
412
34
496
614
496
109
1785
496
109
947
377
1125
185
78
1870
1118
2223
1900
1732
766
1299
1097
1837
2051
714
1569
762
2051
1013
845
2036
1151
944
944
428
845
736
1101
2259
2036
1018
2179
1450
12
1870
1034
736
2098
1392
2051
1450
12
460
2051
1870
350
392
2103
1145
2059
1076
767
1937
2180
932
428
216
1812
533
433
1478
428
1870
1416
1785
736
526
2072
561
1092
1833
387
1812
1447
1166
932
653
1870
1416
1817
2135
845
1127
1686
845
121
2074
746
932
1127
2079
845
1238
1870
934
934
614
1732
978
845
1988
1516
1516
736
1045
412
34
1045
412
34
317
1285
496
737
1732
109
412
1118
1551
1760
2144
300
412
34
12
736
853
554
317
736
1870
2113
1990
679
1127
655
393
554
1293
260
1537
554
1127
1988
766
1115
1722
736
1101
1537
746
1401
1877
2272
932
1466
631
107
12
2037
223
424
479
1745
1683
195
373
1214
1554
1276
1845
584
1506
2076
1506
1377
506
1990
450
2279
1819
2047
290
2020
290
1145
2067
1870
1076
433
151
2272
341
809
1825
1870
705
104
1142
813
1506
2257
1476
316
736
129
1142
151
1145
151
433
1145
1845
584
1506
2076
1506
1377
506
1990
450
2279
1819
2047
290
2020
290
1145
2067
1870
1076
433
151
2272
341
809
1825
1870
705
104
1142
813
1506
2257
1476
316
736
129
1142
151
1145
151
433
1145
1826
631
391
896
373
614
1794
488
1683
1569
1430
2257
2077
1640
331
2144
167
107
845
2144
167
434
1563
1237
1926
1493
1732
1005
1845
373
496
631
1919
845
736
373
1214
1415
1101
705
666
391
1303
831
2041
2257
1297
1760
1392
831
1220
1192
290
1192
1230
283
2061
283
1412
831
1101
1192
831
2241
2
1358
128
2252
646
88
2030
829
1501
434
646
2030
831
849
853
738
1609
2251
801
499
1353
646
2030
1501
434
646
88
2030
829
1501
396
870
299
1827
738
726
1192
849
1220
2257
1900
1411
1220
2257
2057
1415
1213
290
1608
2027
1757
1802
2035
849
1117
327
1070
1358
2257
678
1289
2241
849
1501
1501
434
646
2030
831
1609
12
499
849
1220
1392
1220
410
12
831
308
703
831
88
2257
1220
703
831
1192
703
831
12
736
1220
646
2144
646
88
2144
86
2187
88
736
185
2214
1220
228
622
1289
1192
402
174
845
1276
1145
832
1160
1034
330
2257
1813
226
315
1824
151
1967
151
925
1057
555
1644
833
1360
1967
151
1034
1074
986
1671
1184
1030
680
1926
1114
2257
1799
151
203
680
1565
680
35
1883
766
1093
151
373
373
1214
2155
362
1683
1826
1794
377
283
2138
2272
909
445
283
565
631
373
1214
151
1582
1698
1582
366
1990
1910
216
1870
341
1568
1870
1833
717
1926
216
341
1833
341
2257
1967
1870
1989
1004
366
2078
1850
646
1296
1775
1990
914
341
1167
1276
746
965
244
959
2010
1613
1870
494
813
2020
1142
1988
1055
1989
244
1990
2079
1893
928
2010
2272
782
746
1922
474
665
928
592
1989
244
1990
1351
2144
619
2144
1151
2167
1870
506
349
1101
349
1530
1517
1881
797
1644
2123
244
1990
2022
671
1059
603
1683
1845
244
1990
2022
1023
1238
1059
1554
614
631
1683
1845
2126
1102
820
2140
1059
1067
592
1988
1106
1989
1990
1205
1373
1823
954
570
1990
619
578
824
2167
1106
1153
244
1990
681
954
1373
1025
86
1554
48
954
1870
1412
1870
1412
2077
954
2272
1989
86
1412
1005
947
1989
1990
1338
1996
1475
1845
3
1127
1683
1025
1747
2072
1747
2224
2037
1747
1127
973
1845
1747
373
1747
1927
2257
2188
631
567
2232
1747
1926
264
129
654
153
845
794
129
654
153
845
1321
1570
153
1870
1927
654
532
2038
1853
395
1253
1258
765
2257
676
845
406
970
845
746
469
936
896
1747
651
1877
1666
1343
608
793
901
1069
373
805
1666
1870
798
532
614
1870
1391
109
917
1683
406
2135
845
1698
2166
746
1789
1683
746
1619
1845
565
1767
291
1683
311
2072
1230
2051
1472
1069
1366
1069
1683
746
1828
641
1960
654
1434
1125
395
1253
532
1258
654
153
1927
2257
305
1321
1004
2257
936
705
1604
1683
1025
1747
2072
1747
2224
2037
1747
1826
766
107
373
1214
1230
2051
433
1683
1359
1224
1837
2051
714
1569
2264
762
2051
2264
1627
2264
762
2051
2264
2264
762
2051
2264
2264
762
2051
2264
1845
1789
206
1904
915
1826
391
2257
1167
936
845
1897
518
1117
954
1927
798
2237
1322
183
945
492
1076
518
747
798
1493
1417
1094
798
841
518
518
746
392
1696
1172
994
1642
483
798
1617
1970
798
2250
73
1221
1415
1438
807
317
578
141
1970
1106
136
786
1094
1837
1912
136
786
798
1230
283
1912
2205
375
1970
1230
2205
1970
541
109
1230
798
1497
1230
1769
2205
109
1230
798
1497
2244
81
1614
1837
535
1837
798
351
1901
1793
728
1230
1769
1862
541
109
1230
798
1497
1230
1769
2205
109
1230
798
1497
695
428
2076
1272
1145
1945
1076
798
1094
1289
932
2247
2120
845
140
758
83
2257
304
1013
1276
2120
870
2076
479
1970
1929
533
1351
283
1845
109
1032
982
1970
1356
141
136
786
1593
375
1593
151
239
982
1970
1732
515
798
2109
1809
1107
613
1970
1482
845
59
1845
1210
1076
831
136
757
141
1970
1482
1696
2172
2076
982
1970
1482
1124
798
211
1837
1927
143
1410
2257
1617
305
164
305
1926
1076
588
1004
2184
474
2010
1635
1289
845
1501
2149
746
954
845
1430
746
1210
1076
2211
1508
893
1593
1946
2257
377
845
1518
541
141
285
1900
839
377
1145
1214
117
1970
747
798
2016
1094
1076
1289
1793
804
798
404
317
141
2292
1696
1076
34
614
450
965
2081
2257
1167
1845
373
1569
373
1069
1919
845
1069
614
187
1224
2051
631
187
1412
2051
631
187
1412
1845
128
845
493
725
1276
682
1837
2051
714
1569
762
2051
1013
797
1732
630
430
937
845
1415
301
561
2272
1663
2272
1249
1644
1732
736
2077
736
736
736
2077
2077
129
736
746
373
1732
736
2077
736
736
2077
129
797
1635
746
