473
166
389
345
256
273
342
444
199
516
514
256
501
492
85
345
55
174
42
429
185
458
179
79
346
152
33
353
492
10
154
516
224
437
65
23
85
345
516
353
337
184
188
99
149
85
514
353
514
437
224
514
437
224
437
172
208
514
437
3
517
519
85
514
270
260
435
166
514
455
243
446
165
493
165
507
507
165
507
507
345
440
289
257
345
440
289
257
345
440
289
257
301
105
399
148
301
105
166
255
301
105
166
255
301
105
166
255
301
105
399
126
301
105
399
126
301
105
399
126
85
126
345
85
398
435
259
345
85
398
435
259
155
345
85
398
435
52
155
345
85
398
435
52
345
85
398
435
52
345
440
345
85
398
435
259
345
85
398
435
259
155
345
85
398
435
52
345
85
398
435
52
345
85
398
435
259
155
345
85
398
435
52
345
85
398
435
52
345
440
444
526
345
440
444
526
345
85
398
435
259
345
85
398
435
259
155
345
85
398
435
52
345
85
398
435
52
345
440
518
337
518
420
518
191
191
345
440
518
345
85
398
435
259
345
85
398
435
259
155
345
85
398
435
52
345
85
398
435
52
345
85
398
435
52
52
345
85
398
435
52
52
345
85
398
435
126
85
126
106
155
106
155
106
155
106
259
155
106
259
155
106
166
155
166
106
106
106
106
106
155
337
250
337
455
320
241
195
333
195
333
333
27
333
27
333
298
333
138
333
138
135
323
323
345
234
345
234
345
493
345
493
345
493
298
345
493
298
345
493
298
345
493
298
345
515
518
345
515
518
3
485
443
224
208
451
517
18
437
219
249
249
127
482
102
374
85
420
345
515
518
243
373
293
256
501
433
162
281
293
256
501
501
451
356
377
403
319
429
185
502
148
436
41
530
45
440
437
23
69
483
19
23
282
363
85
345
423
8
363
85
345
15
236
38
125
349
370
438
474
351
504
143
330
524
133
233
493
50
373
373
351
263
263
324
504
124
431
454
314
516
233
194
247
339
347
213
373
373
351
366
92
375
438
532
438
476
24
59
468
76
308
192
39
31
431
386
428
81
318
494
230
357
468
76
134
343
129
514
162
379
468
261
434
294
61
326
39
535
306
404
471
94
292
61
326
39
292
363
38
125
100
410
85
345
85
345
363
152
53
500
440
493
174
85
345
235
410
263
238
171
468
76
478
375
85
345
363
85
345
85
345
423
40
85
345
486
288
516
153
15
434
376
161
82
345
295
345
295
79
527
161
74
85
345
90
363
278
197
268
363
85
345
111
363
85
345
85
345
423
268
198
242
74
366
156
406
486
402
156
456
109
209
206
172
231
231
420
219
209
88
400
279
88
464
114
524
63
209
400
306
286
32
268
26
176
440
126
193
345
440
70
420
150
105
303
521
282
425
463
484
144
305
307
25
528
28
445
23
340
282
105
74
345
105
251
74
477
131
145
193
345
145
26
15
420
34
110
479
161
74
426
420
516
231
345
68
231
97
110
479
347
55
268
172
55
511
85
345
527
193
511
303
303
152
236
103
74
179
298
166
141
298
536
74
488
275
440
444
516
305
50
181
278
516
353
355
55
46
126
293
85
345
168
186
447
278
232
381
533
533
271
514
488
284
419
335
179
54
425
335
390
488
228
425
345
345
488
210
411
345
345
361
345
1
303
146
95
448
168
408
376
163
237
378
334
452
152
432
424
200
423
363
85
345
423
136
8
363
85
345
85
345
423
363
85
345
85
345
55
268
172
363
492
85
345
85
345
99
534
95
409
394
147
472
164
231
394
268
375
102
474
413
503
42
413
210
96
325
449
85
102
499
503
151
55
149
79
223
74
98
229
74
126
504
188
74
514
128
61
391
258
216
126
460
505
126
182
236
363
85
345
15
483
503
126
427
268
116
85
106
174
460
167
51
217
185
321
214
429
321
214
85
106
214
10
303
496
85
214
370
492
85
345
85
345
423
363
85
345
104
229
392
34
483
62
229
190
152
66
485
514
437
485
514
437
469
337
352
491
514
437
224
437
152
516
352
179
86
353
79
352
173
348
105
345
440
367
369
245
523
35
114
352
221
437
514
437
370
85
345
85
345
423
268
498
363
85
345
85
345
111
363
85
345
85
345
423
459
126
115
468
275
103
468
366
126
329
329
396
103
263
396
329
132
266
37
17
28
389
46
363
506
103
527
220
126
126
329
363
85
345
85
345
423
180
103
152
518
298
536
243
518
518
243
243
243
345
345
345
345
295
272
345
295
272
475
345
295
272
362
312
55
40
85
345
375
85
345
103
112
99
276
517
518
298
536
123
332
161
82
393
380
465
78
210
518
518
243
243
172
172
345
295
272
345
295
272
83
83
317
518
100
328
363
363
85
345
85
345
423
363
85
345
85
345
423
363
85
345
423
8
363
85
345
158
114
493
507
91
12
85
345
363
315
512
85
345
489
375
492
113
12
363
85
345
85
345
423
363
85
345
423
8
388
423
230
484
23
309
152
439
80
336
77
327
9
8
202
345
484
470
180
204
412
85
121
222
328
478
139
77
327
388
67
117
327
507
8
423
152
303
172
36
327
23
275
1
85
190
296
345
401
484
16
492
8
268
388
423
230
387
428
85
345
85
345
366
303
496
478
355
405
366
1
303
77
327
23
423
492
363
85
345
85
345
423
224
12
71
537
177
465
239
152
434
180
470
230
326
39
48
502
371
61
39
246
48
175
516
287
187
420
483
420
226
39
420
179
337
74
420
48
450
383
6
325
30
407
82
107
363
85
345
85
345
423
363
85
345
85
345
423
56
291
363
72
363
85
345
85
345
423
363
423
85
345
363
85
345
118
85
345
363
85
345
8
85
345
423
363
410
478
395
85
345
118
8
85
345
85
345
423
8
328
516
233
215
116
238
18
244
525
205
370
85
345
118
85
345
423
363
85
345
167
51
152
170
514
161
82
423
218
40
40
44
161
74
410
290
337
528
159
34
14
345
161
82
14
341
161
74
353
313
92
347
152
211
515
278
193
152
481
410
309
290
183
354
363
85
345
85
345
423
363
85
345
85
345
423
55
75
254
275
529
40
504
2
395
231
345
179
423
365
363
274
428
437
358
345
85
106
514
189
243
243
320
157
320
157
210
145
210
345
84
120
345
493
84
120
84
345
493
84
120
84
345
105
57
345
105
57
345
105
57
301
105
399
301
105
166
145
420
52
301
105
166
130
301
105
166
145
420
52
301
105
166
145
420
52
52
301
105
166
145
420
52
52
301
105
166
338
285
301
105
166
338
285
301
105
166
338
285
301
105
166
338
285
301
105
166
338
285
301
105
166
255
301
105
166
255
301
105
166
255
301
105
166
255
301
105
399
126
301
105
399
126
301
105
399
126
85
126
345
85
398
435
259
345
85
398
435
259
155
345
85
398
435
52
155
345
85
398
435
52
345
85
398
435
52
345
440
345
85
398
435
259
345
85
398
435
259
155
345
85
398
435
52
345
85
398
435
52
345
85
398
435
259
155
345
85
398
435
52
345
85
398
435
52
345
440
444
526
345
440
444
526
345
85
398
435
259
345
85
398
435
259
155
345
85
398
435
52
345
85
398
435
52
345
440
518
337
518
420
518
191
191
345
440
518
345
85
398
435
259
345
85
398
435
259
155
345
85
398
435
52
345
85
398
435
52
345
85
398
435
52
52
345
85
398
435
52
52
345
85
398
435
126
85
126
106
155
106
155
106
155
106
259
155
106
259
155
106
166
155
166
106
106
95
106
106
106
155
337
250
337
455
518
298
536
81
4
345
393
210
518
518
243
243
172
172
172
172
320
157
358
345
85
106
243
518
298
536
81
4
345
393
210
518
298
536
81
236
390
172
447
84
144
509
84
120
147
212
187
495
34
133
420
304
281
182
370
91
79
192
534
248
23
142
484
69
484
69
484
142
372
230
514
141
93
376
23
306
85
345
21
344
309
152
125
23
516
353
427
347
248
23
480
484
467
236
82
267
437
93
267
437
299
422
437
172
516
427
43
122
533
100
223
82
277
208
454
196
283
122
363
85
345
8
85
345
423
23
363
85
345
85
345
55
268
172
363
85
345
85
345
423
152
49
231
310
310
310
273
273
310
533
310
39
273
148
172
231
310
39
325
310
273
508
483
310
326
273
148
39
310
310
172
437
358
344
533
174
461
437
358
310
344
533
174
461
310
39
441
260
269
437
358
28
522
416
442
9
276
169
537
174
533
417
487
453
493
363
85
345
397
40
40
85
345
104
359
87
15
176
363
423
423
9
426
230
423
9
104
85
345
280
533
8
231
514
514
516
331
231
492
492
423
363
85
345
85
345
423
370
37
85
345
118
85
345
423
56
423
23
5
1
363
375
91
533
108
136
8
530
315
268
302
91
108
118
423
363
72
363
85
345
388
423
203
466
277
178
13
231
13
13
231
91
15
85
345
85
345
423
363
85
345
8
85
345
423
363
85
345
423
85
345
504
420
462
47
385
204
368
111
363
85
345
85
345
423
363
85
345
85
345
423
70
165
89
516
187
440
483
8
146
345
160
490
231
101
223
82
161
74
260
382
253
164
457
207
23
136
85
345
520
152
268
85
345
489
12
41
424
119
214
429
55
268
172
40
85
345
85
345
423
55
268
172
363
85
345
118
85
345
268
527
264
480
144
363
85
345
423
85
345
8
91
268
85
345
318
514
303
172
497
103
85
121
268
524
371
355
268
470
360
262
423
410
363
513
85
345
136
8
85
345
423
415
268
524
356
363
85
345
368
200
282
428
136
461
282
230
260
478
152
60
126
507
496
345
345
345
73
345
73
345
73
55
29
282
385
81
278
23
29
282
188
201
428
81
23
29
282
516
427
137
531
452
152
233
41
58
507
61
430
290
311
22
126
503
330
22
126
11
255
285
227
534
364
265
330
466
373
377
510
350
15
507
41
225
430
420
230
240
290
7
126
330
503
42
285
255
227
363
85
345
85
345
423
24
418
85
345
85
345
423
55
223
74
360
281
352
315
165
185
174
345
440
518
344
54
382
252
140
140
345
440
23
23
455
344
54
382
252
140
140
345
185
345
185
345
185
345
185
337
243
250
337
250
85
345
136
537
316
174
230
20
290
40
230
188
260
64
425
345
440
366
527
23
168
533
306
423
23
504
345
440
230
414
165
339
174
345
165
23
23
174
174
152
203
21
90
136
529
40
300
384
533
104
306
23
427
297
322
421
