198
492
2145
1735
2259
2236
1735
1130
750
479
1735
645
1789
1842
197
2145
2234
2194
1701
564
2177
2271
275
1523
1643
1641
1489
2234
1031
2194
2185
1489
2053
848
1498
1701
2044
795
113
82
908
750
249
275
299
913
762
275
2234
2177
564
700
762
511
700
762
1255
573
2271
700
2017
932
2234
700
1675
511
183
104
1281
105
681
2194
1701
913
1300
501
1749
913
410
728
2003
773
925
2269
1437
361
913
1641
141
410
310
737
1830
702
310
1804
1982
2194
646
1675
1428
632
1077
2221
1437
620
2107
2017
1943
2282
1345
2145
1097
2104
1735
367
421
1484
913
501
700
795
1373
2234
2194
1701
916
214
1280
1701
2029
772
2194
99
889
1577
2134
750
99
380
750
2224
410
858
822
219
1701
2088
501
1485
1155
421
1613
808
2088
501
1943
992
1749
913
1943
2224
564
131
275
681
1886
378
1931
1149
1118
297
831
1465
1149
963
2000
911
723
1164
1760
508
831
1465
1941
574
656
2234
1049
1446
1165
1049
1470
1750
1165
1258
1049
1151
2241
1049
2003
1401
1120
2059
1176
1864
1864
1180
1943
2151
1943
162
1180
1401
656
1943
656
794
2145
794
794
665
1943
1258
1165
1049
2057
1804
1176
2300
1975
1044
1772
2300
620
1220
2007
1804
861
1223
2075
773
1220
619
2135
54
1220
1235
2282
311
1176
1884
701
410
161
643
1844
620
1804
1457
1377
555
750
353
2225
257
1804
894
516
1377
1570
331
858
171
1220
1707
249
1864
381
1176
1884
773
502
1006
1262
1707
378
1697
1220
750
1208
1308
171
1220
1459
1804
1401
1459
1835
1804
1054
1098
2274
1151
2112
656
331
417
1804
1223
2075
1804
286
1223
2075
1176
1564
1145
767
2075
1176
1062
1352
1465
1337
1352
360
1022
621
1356
656
2241
1049
289
2125
363
2007
325
1176
1457
620
171
643
1223
2075
1356
1145
548
1459
1835
1804
1239
703
1322
661
643
440
1145
1176
96
861
731
1844
993
2198
100
656
331
1864
378
1223
2075
543
168
1459
1835
1804
2282
2156
1165
1864
2234
656
1896
331
1804
1616
1565
1066
1498
1146
1565
1943
741
575
1790
848
1066
1790
1066
674
507
1047
1868
2112
1943
1459
537
2178
2282
2003
1103
1334
643
1103
107
1334
2178
1933
845
643
661
711
1663
443
1916
1626
1844
845
1932
108
1210
896
1401
2164
1602
748
109
1348
2164
1146
138
1853
1220
1157
923
138
1853
1744
1698
945
2164
138
748
1702
2107
1070
138
640
378
1210
403
434
2148
2025
1271
378
1223
2075
1465
1062
1352
1062
143
552
333
732
2241
2269
759
1139
939
2288
1990
1888
76
1730
319
378
378
378
1223
2075
1691
2057
568
643
735
1276
2107
1747
1805
378
845
1658
643
309
2274
1336
826
2082
1943
801
801
1331
674
1336
1336
1331
1336
801
1336
161
1331
1943
845
108
1223
2075
1844
1893
845
845
498
1677
2241
1798
2241
1912
1844
845
1457
1256
2305
794
1616
2282
1262
253
2255
1884
1933
845
2165
138
1111
138
903
937
836
520
1744
1866
138
903
138
903
2282
410
1943
334
787
1114
334
768
1090
1103
2104
1561
1943
334
750
153
903
97
576
1031
1208
1220
2234
1668
790
97
41
1246
1498
1850
1498
14
903
1086
1208
138
831
1208
1220
2234
2053
1850
790
1020
1854
2075
721
1176
1564
2007
253
2255
643
2075
1176
253
2255
138
903
1272
138
2269
1090
768
1770
378
1210
399
138
903
410
750
1646
643
1623
2211
1139
845
592
2107
1223
2075
620
1220
229
556
1766
1372
405
2282
925
1976
97
255
2023
1799
919
1643
2029
2300
1675
138
1019
787
334
632
787
1401
138
1047
2113
410
1262
64
942
1864
2057
305
1350
919
1561
1372
1789
1943
138
61
798
831
1272
1489
138
903
1816
600
1456
1456
1456
643
794
1287
643
314
138
61
798
831
1272
1489
138
903
1816
600
1456
1456
1456
643
643
1943
1090
223
1907
1941
903
1768
138
453
138
2023
1888
2164
2034
2164
177
138
1853
1016
260
2075
204
2282
1548
260
260
113
2075
1176
253
2255
2075
1176
253
2255
1616
65
1256
1329
845
1210
1098
2274
1643
168
513
696
1287
1272
1176
513
696
1977
513
696
1017
1272
1176
513
696
767
1977
513
696
1017
1272
1287
1272
2260
845
1658
1098
2274
1643
1231
1017
513
696
1658
2101
1287
1070
1272
1176
513
696
1744
798
1744
696
939
696
939
2229
513
696
1258
1176
513
696
399
2229
513
696
1258
1176
513
1439
1258
1653
506
90
513
123
735
2029
1622
2058
735
513
2229
513
696
513
204
513
696
819
673
513
696
600
1459
1060
1703
1643
1223
1176
2075
1703
1176
1234
1176
752
97
2186
465
1262
1176
978
1062
1967
1018
2068
730
2174
210
1176
1176
2068
1283
40
296
56
210
1435
260
2146
1435
2255
2146
204
1139
580
1283
296
1062
2282
1494
2101
2123
2142
123
2142
1139
1844
1157
845
108
1256
1210
925
2269
155
199
1176
566
99
517
1086
1223
1176
819
1363
845
110
1468
599
617
1963
1210
2282
2212
222
28
1214
866
1710
141
878
40
1943
1585
656
1585
1297
1943
1710
1501
1257
1587
1152
1327
359
1109
222
28
69
468
444
1223
493
1054
1559
1122
1152
656
1559
362
1122
1223
493
1054
656
1122
1152
2145
28
656
362
1122
2167
963
222
28
69
2300
2085
69
1114
1120
2282
1662
656
2145
1933
845
1468
191
76
1505
1428
387
1662
656
28
985
611
1455
2242
656
76
2145
302
502
656
862
656
1943
656
656
1943
656
1710
1444
1342
2145
309
1428
387
1922
113
1710
702
417
2227
155
925
437
845
455
845
1176
845
2300
1919
1776
2075
1176
1933
845
2300
2055
517
845
1146
2300
1623
138
1672
1624
2075
1176
1672
420
711
2075
1176
138
1208
1703
1854
2075
1176
2055
1854
2075
1176
2055
632
2285
1692
1943
764
1943
244
2145
1355
2
656
1692
1312
664
1006
2145
1672
1312
1947
1744
229
1075
449
1672
1675
420
1498
1853
1122
1122
399
1692
2282
1851
806
102
1659
2145
1225
1635
1643
1437
364
1659
632
2285
1692
1943
399
1916
2241
118
1023
1225
1692
1312
664
1006
2145
1672
1312
1253
2145
1297
1223
493
1054
2145
1297
519
260
1498
581
764
1039
155
1794
728
750
1459
326
662
2000
838
916
838
918
825
662
410
275
378
1864
2000
1498
564
1498
1498
656
656
2078
1707
1691
1375
2137
2282
380
1672
2020
845
690
620
1372
643
2078
845
108
1062
1844
845
108
1210
1770
1421
2282
742
1770
604
604
146
564
1844
363
1899
1007
864
517
198
928
1287
1969
1010
1448
2147
520
2163
1448
1825
1276
2068
108
1498
904
1908
2272
1421
1243
1336
1208
1899
620
1220
1223
2075
1474
2212
1448
97
166
1096
896
2173
1675
738
2064
564
1007
750
239
1448
363
517
2106
620
1770
564
719
1448
1845
2269
1342
1176
517
564
1985
567
1041
1096
2060
2301
1158
552
738
1905
564
1007
74
479
604
40
1278
1164
766
887
2234
2064
1864
2257
2106
620
638
1223
2075
517
677
1217
63
577
1825
1795
63
1779
1672
577
564
677
1217
63
577
1825
1007
703
564
677
1217
63
577
1825
1007
378
381
1139
378
1223
2075
1401
517
869
1448
1448
2282
1480
363
517
869
1943
1049
1884
1097
1401
1119
138
1401
1192
1943
1971
76
2282
1943
1252
2241
1258
1912
1401
1982
794
611
1982
794
1090
1909
1220
620
1223
2075
378
643
30
673
2198
1278
1989
1097
363
1943
1844
1334
378
1220
1223
2075
1164
629
1328
378
1854
2075
1465
1062
1352
1062
492
1691
374
976
153
1328
2106
1256
1355
1223
2075
89
440
2107
2282
97
1468
1864
1247
310
316
2050
338
643
1691
845
1691
1864
1844
845
1616
138
258
1440
2209
334
845
1842
928
1355
772
1440
1396
620
374
1223
2075
131
541
410
1864
1247
1938
329
1930
89
338
643
2057
378
1262
1691
1223
1517
2057
2251
2055
517
1691
1223
2057
1853
1854
2055
1800
1884
1000
1223
2075
399
706
582
1887
820
1126
1501
2038
92
1137
2011
2038
1137
755
1396
305
92
620
1137
1293
2282
836
305
2003
76
2029
704
1943
1502
119
1530
138
1489
1672
205
1927
1825
1241
138
281
1489
1672
437
138
724
791
1551
640
1943
1276
858
138
1489
1884
1853
1336
1943
1502
119
1530
138
1489
1672
205
1927
1825
1241
138
281
1489
1672
437
138
724
791
1551
640
1943
1844
845
108
378
1315
1502
1841
584
83
1884
1054
1223
2075
1465
1062
1352
1062
381
2047
1979
537
1054
1223
2075
1465
1062
1352
1062
1298
1306
1097
1223
2075
1465
1062
1352
1062
688
1448
1489
299
1054
2047
1223
2075
1465
1062
1352
1062
1054
2047
945
1223
2075
1465
1062
1352
1062
1578
845
109
1176
399
2282
405
1864
1887
1993
1854
2075
1598
1176
1069
1659
1984
2152
705
706
1176
801
608
198
794
1297
2305
1850
1359
1672
1761
692
1804
1643
632
2285
1789
1530
1511
305
897
1118
310
1306
2191
15
945
1511
1070
310
909
1208
1642
334
1681
1305
624
961
845
813
1854
2075
1598
1176
1069
1659
1984
2152
705
55
1943
519
794
764
794
1297
794
2062
2020
1297
2062
1297
519
2062
1943
880
1176
433
1941
1140
1943
1297
794
2101
1844
945
1176
2248
2229
2145
1614
363
2145
2282
89
2101
1271
1682
279
99
167
479
1353
1943
1275
519
794
519
1967
382
1941
764
410
937
764
858
1659
2036
1044
1970
920
1176
252
1672
1297
519
711
896
1385
2057
2255
896
1297
548
1672
378
382
1804
1245
141
1672
1452
538
1672
285
1272
1297
1941
1097
1297
2133
1300
1672
1035
1297
794
1941
1297
516
437
984
1828
1035
2064
2300
137
873
794
1297
692
1786
399
1578
845
109
1176
1844
1844
845
108
378
1210
371
649
1763
1844
213
530
643
1943
76
1888
378
459
176
1959
2084
452
2003
2282
750
925
2234
819
181
643
1627
633
896
2115
371
649
1763
643
349
1641
1959
141
1640
1888
310
750
925
643
1459
925
2269
352
632
1448
1070
312
1943
10
1539
1771
1771
1539
1943
1239
1933
1054
1845
1459
643
410
1059
1744
1220
2123
1459
1059
1054
1845
990
643
1459
410
1171
1845
32
501
443
2274
638
2075
1176
1641
2223
643
2075
1176
1022
1749
2132
643
2011
1641
2223
643
612
819
181
32
32
2274
638
2075
1176
1641
2223
2075
1176
1022
1749
2132
2011
1641
2223
612
819
181
32
928
1800
314
1864
1176
1171
410
410
1239
1038
2096
40
643
1459
1171
1474
1220
1077
2075
1176
1022
643
230
2139
2075
1176
1022
643
230
2139
1220
1459
1171
1938
1230
1531
1474
75
990
1271
493
1457
643
1459
404
410
1894
501
758
2142
255
1059
1782
750
925
1057
1054
1845
620
171
643
1062
2282
986
1434
643
378
378
643
1223
2075
1220
574
378
1941
901
1239
1592
1122
911
616
402
735
2198
347
1532
1827
1424
402
2282
753
1583
616
1941
1864
1122
526
381
1795
2092
1884
327
616
236
1223
2075
1465
1062
1352
1062
381
1220
2234
1795
861
1072
1223
2075
1465
1062
1352
1062
1744
861
1827
2144
665
1827
517
1223
2075
1465
1062
1352
1062
2003
1827
2092
2011
439
368
47
1097
1827
1672
47
735
1506
1051
465
1827
773
1672
2148
1871
750
1208
1086
735
526
911
616
402
735
2198
347
1532
1827
1424
402
2282
753
1583
616
1941
1864
1252
410
735
2048
1060
1888
1827
2102
861
1176
911
2075
1176
1176
911
518
1262
1176
378
195
1691
1382
102
2287
47
2062
1827
589
2092
2282
410
2092
1748
410
402
508
1844
845
108
1210
845
896
643
1602
1943
643
1401
1853
1096
460
437
1096
2241
255
720
434
2198
1536
643
1210
2003
833
1062
725
2295
2241
109
630
1549
2260
845
89
1414
155
199
99
1223
763
506
566
1176
2075
1091
1176
1243
888
1766
1885
305
153
1766
1414
2282
1477
1252
2234
2199
1414
1888
1766
1421
1022
1176
1243
929
1357
888
1766
929
477
97
564
1064
2196
1414
1357
1414
1941
1881
1941
1176
1243
1578
695
1498
620
1176
1243
1022
1157
845
108
1210
1577
1434
171
643
825
96
643
2101
731
1047
381
1370
825
2260
845
498
138
903
108
845
2300
1602
1698
620
1613
643
2210
462
1309
1480
2020
2127
517
378
918
487
1097
108
845
773
65
845
2097
1888
1595
1448
1281
517
1086
378
1176
987
77
1864
966
1474
2027
681
1499
2241
118
1309
1894
41
1744
1353
504
1844
549
2100
1795
2241
118
1101
576
288
1735
1474
526
200
1941
966
996
1561
2241
118
1755
326
118
104
2229
2018
504
2003
1876
1735
1096
31
1119
1828
118
1755
1755
932
1884
2241
118
695
1735
1499
485
1217
1401
744
1287
118
240
1609
579
1602
1828
2241
1367
853
456
89
629
1471
1101
576
97
1970
1178
2057
378
310
2268
932
2241
896
1224
1240
730
932
69
1773
2020
1977
1668
1176
1599
1735
1101
1326
1773
2182
445
713
1643
2145
845
2193
2241
118
1744
1193
1650
2020
564
1532
792
40
2100
1681
473
1412
2241
564
413
492
1096
1134
952
316
2210
2241
1735
2241
2241
1049
1401
564
613
896
2241
504
1602
2234
122
1082
2068
840
2264
314
665
1854
2075
2258
637
767
2075
637
867
640
620
1312
1223
2075
1465
1062
1352
1062
620
1223
2075
1465
1062
1352
1062
620
1223
2075
1465
1062
1352
1062
620
1223
2075
1465
1062
1352
1062
620
1223
2075
1465
1062
1352
1062
1208
1367
1396
911
1223
2075
1465
1062
1352
1062
1218
314
2264
314
1223
2075
1465
1062
1352
1062
552
2264
1795
1480
120
120
378
1933
1176
821
990
1756
1054
911
1052
789
381
506
1146
744
970
970
1182
1132
1441
1437
1311
868
1853
442
548
410
1394
744
1176
1148
1743
2029
1394
1853
1768
2102
1544
620
1223
2075
1465
1062
1352
1062
2229
517
2310
28
89
1258
1941
1620
517
28
1912
2144
1800
444
687
236
1864
896
1800
1888
2123
1000
1975
1199
1010
1975
695
673
1614
28
517
375
1086
141
1239
2110
1494
2089
1498
1321
517
1577
141
1620
620
657
97
1642
517
869
2048
1401
138
1006
548
2003
1401
222
1613
1139
492
1691
1675
344
517
1199
517
1941
2089
971
2229
2310
1114
858
1662
517
668
1256
2102
1691
1210
1642
2144
1825
733
1199
750
925
321
1613
40
279
1223
819
381
1864
1652
998
1309
643
724
1672
2059
2055
517
1854
2075
1176
2055
1844
845
108
1062
632
108
845
378
378
1401
1489
113
1097
657
1265
97
1272
1035
236
378
1300
593
1450
2136
2310
1623
1693
415
600
671
1450
593
2136
1375
1401
1744
799
1744
732
611
1097
1180
2310
28
70
2282
437
316
338
643
1864
2028
279
1252
1356
1176
1372
1988
1220
1020
2136
799
2219
380
1459
1247
1854
2075
721
1176
1564
171
2282
1006
279
896
89
2164
1176
593
564
1218
1818
2311
1396
1044
440
1223
286
2086
1396
1223
260
1498
2164
1744
1450
2136
799
2029
1223
1044
2128
2136
1223
2186
1615
799
1450
146
2057
378
685
1223
1044
1223
1763
1693
415
799
2136
1223
1044
381
1594
1781
2101
593
2136
127
70
2164
593
1097
2213
1450
865
593
818
1450
750
1302
1602
1645
520
481
1710
399
1798
702
1059
693
2075
1401
15
1884
1884
2055
1614
1884
1854
566
508
796
566
1850
2205
2282
249
93
1943
798
819
1943
1662
555
1082
713
1119
2280
773
747
1943
260
2075
2075
1806
2075
637
2075
1176
2075
1176
2075
1176
47
2075
1176
2075
1176
508
2255
2075
1176
508
2255
1006
402
2075
1176
508
2255
1006
2047
508
537
1006
2255
2047
508
537
1006
2255
2047
508
537
1006
2255
2047
508
735
2255
1006
735
735
508
735
2255
1006
735
735
508
735
2255
1006
735
1459
735
508
2255
1006
1749
1459
1027
260
2075
2280
1380
2280
1829
2280
1829
260
2164
260
2075
1806
1943
548
508
2255
1006
2302
911
40
874
731
1677
1054
1396
1677
794
378
1223
2075
1465
1062
1352
1062
1118
2066
2097
936
1465
1842
1636
624
113
2234
1199
1864
632
1176
911
1478
1202
2003
1661
2052
1888
579
1888
453
1533
1933
2056
911
1054
911
805
2056
1825
1616
78
2056
1825
1208
491
911
131
282
1228
71
2206
14
1434
1941
1993
607
1309
1478
1223
2075
1465
1062
1352
1062
1842
1045
2222
2241
1960
624
1740
911
1625
1176
71
1661
1866
24
2070
1933
1626
911
1176
911
683
754
1096
2288
2206
14
1434
1166
1267
1643
310
440
2107
1580
2101
1884
1125
1675
113
1642
1007
10
1125
1287
1465
499
160
1489
1077
141
1846
963
954
750
378
314
1836
744
20
826
1059
2282
2000
1489
1086
668
2000
1287
1465
92
744
40
2282
92
1795
379
1489
574
1795
1957
1795
1726
1287
1465
1105
2117
1795
1795
1857
1942
750
1842
951
97
1574
460
573
1642
1942
1223
2075
1176
1564
2007
1234
767
2075
1176
1234
1494
1465
1337
1176
1220
504
823
2075
1176
1220
1176
1623
1164
2075
1176
1006
2066
1546
1009
1176
1176
1176
1844
489
1886
1946
1888
2075
2255
1884
1460
939
2075
1139
378
1854
2075
17
2091
1176
1084
1287
2101
1139
1943
10
1884
2075
2075
1396
1139
1139
1884
1884
2075
2075
2255
1139
1139
1884
1884
2075
2075
1139
1139
1884
1943
2029
2101
1176
1842
1943
10
1884
2075
2075
1396
1139
1139
1884
1884
2075
2075
1139
1139
1884
1884
2075
2075
2255
1139
1139
1884
1884
2075
2075
1139
1139
1884
1943
1864
2242
548
2007
1048
1864
1223
2075
1691
1062
378
1063
378
1223
2075
1465
1062
1352
1062
1844
1157
845
108
1210
845
378
1223
2075
378
1223
2075
1465
1062
1352
1062
1335
1943
2100
1176
1335
757
2100
1176
1335
1298
2100
1176
1335
6
2100
1176
1335
1298
2100
1176
1335
6
1943
1396
1943
2100
1176
334
757
2100
1176
334
2100
1176
334
1943
845
108
2122
929
2075
1176
1821
2030
468
1602
1529
906
468
1097
757
468
632
845
883
1943
2100
1176
334
757
1827
1943
130
1176
2012
1498
21
323
1271
1401
323
1587
1756
1943
767
1498
1498
643
1587
1587
357
643
1565
1565
643
1287
2301
1568
2301
1816
1587
1587
357
643
1565
1565
643
1287
2301
1568
2301
798
1587
1587
357
643
1565
1565
643
1287
2301
1568
2301
798
1943
378
1062
632
1806
1711
1356
2029
643
470
2123
643
1283
2034
927
672
223
1864
1502
2003
584
1459
1396
643
735
1479
643
643
858
2145
2089
1255
1459
643
1283
353
1271
1401
656
331
1402
302
69
2089
896
2173
2211
2107
1804
1139
2003
1401
1275
622
2282
1223
2075
1465
1062
1352
1062
620
1223
2075
1465
1062
1352
1062
616
1501
1223
2075
1465
1062
1352
1062
471
616
901
1808
1672
2055
517
1854
2075
1176
2055
1176
97
794
372
1941
1852
1501
314
1099
620
1176
1852
1137
1920
1941
1429
1501
314
1151
573
678
1137
1745
1941
1852
1501
97
372
794
2282
287
2055
517
2288
2145
1356
2288
2055
1854
1176
1176
2282
2156
961
2107
845
1854
2075
1176
2055
845
1165
2055
517
839
823
1564
1116
839
1243
2051
839
1917
2224
1176
97
794
372
1941
1852
1501
314
1176
1400
108
845
632
97
171
1220
1844
1672
2059
2055
517
1854
2075
1176
2055
1691
2282
314
2055
517
1854
2075
1176
2055
845
1854
2075
1176
2055
845
378
715
82
1874
748
620
1346
643
1691
371
649
1763
1844
1123
1103
1342
643
1220
2282
579
2187
678
1220
1854
2075
1176
2258
1564
2007
1145
1400
643
2075
1176
1400
1440
596
1088
824
2064
1175
1615
1070
1845
1003
763
819
138
613
1096
2241
504
2234
183
860
1176
2004
2241
2241
2020
2285
2191
1588
1489
773
138
1152
2228
822
1817
2241
1498
2164
287
1498
932
138
1377
1381
1214
2241
2282
1851
1399
1621
769
584
36
99
878
463
287
2303
1096
2029
2300
1833
1096
858
1735
932
1810
1478
1403
858
2241
2146
1701
214
1300
1031
2003
287
1312
639
304
2300
387
313
416
155
1312
1224
232
1158
138
627
1403
2241
841
1119
1158
1187
841
432
875
1296
31
1119
2241
1049
1201
1700
591
155
167
2123
971
916
1096
2241
504
31
1119
2241
1049
1446
1446
258
1587
167
1007
1967
142
1096
1817
2241
118
2300
2003
287
1312
15
2080
1984
89
287
564
926
1312
2044
1465
2053
1832
138
1438
1578
1403
1649
2241
841
131
673
2241
89
287
564
1312
1176
1735
564
2241
2146
1923
2018
564
1955
287
61
2071
1707
773
2269
2241
118
2064
1755
564
822
773
2003
1621
386
678
399
1213
99
2119
1813
135
653
504
1223
437
411
2241
118
1031
422
1609
2282
991
307
2053
1857
893
305
379
1854
2075
1598
1176
1005
152
459
896
2241
118
2296
297
1275
138
2164
2003
511
2241
118
820
1070
138
161
118
2003
1360
138
1377
1943
2241
620
678
1662
845
1502
287
1617
1854
1176
1676
911
1795
1649
2255
196
40
632
2053
1506
1795
1826
2199
154
1992
1132
177
1948
290
2100
1676
845
564
678
1328
1478
1943
169
2264
40
296
2255
196
2100
564
861
1741
2282
1478
564
861
1224
1287
1603
131
296
2264
2240
2092
1675
1478
1095
695
287
2071
874
2241
2120
874
2282
1624
1917
1955
1955
290
2241
2146
1148
1955
1445
874
2282
1379
2241
2146
1208
1789
2191
1789
1698
1955
2199
1955
1649
155
2044
452
711
287
932
2241
2146
1701
1955
2018
2000
40
911
874
186
1955
911
874
1560
1955
911
874
974
1955
2029
138
1176
1735
564
2282
1741
911
405
1709
2282
2241
2282
1359
2241
1709
1817
1852
845
1097
87
1387
2199
895
1480
1662
1842
405
1372
832
548
2241
118
1401
1832
138
1541
1281
2029
138
1176
1735
564
287
1617
1623
1854
1176
1312
1798
287
932
2080
2241
2120
1923
1955
105
2000
2053
118
240
932
765
966
89
1097
2053
1090
748
1677
2154
613
2241
138
203
1195
1096
1110
1943
1158
138
2241
346
267
977
1993
2044
259
2225
1503
287
1489
2269
287
1498
932
750
2164
1830
232
1577
1888
1281
138
1272
388
120
750
381
620
1309
399
750
539
2064
2241
118
2296
1372
2300
138
15
641
1489
1241
1070
138
1618
2210
40
1735
564
667
632
673
2232
138
35
2241
118
1421
1475
1119
750
711
564
1478
2241
118
667
1412
564
1864
1502
2106
2123
262
1583
944
1312
1096
1817
750
45
1007
696
167
279
1943
2241
1049
1498
564
1943
2271
750
502
1119
2296
1263
937
1070
118
120
1478
287
2241
1149
1380
144
2300
1735
564
858
287
1380
750
1275
2300
1943
435
625
1498
2100
2241
1049
1498
564
99
2241
1096
2241
564
1478
1498
1498
564
479
1478
2241
2241
1049
2241
794
1096
1208
2241
1096
1943
759
1256
1795
822
2011
1943
1276
1176
1276
1795
94
1148
1176
1148
1943
808
1276
1795
1148
1442
326
2058
37
918
1223
2075
1465
1062
1352
1062
1616
40
76
1933
1756
1291
990
1146
1795
10
2308
822
2011
1591
1795
10
1223
2075
1465
1062
1352
1062
2145
1396
470
681
1223
2075
1465
1062
1352
1062
2241
2228
314
2270
1677
2241
808
2083
1208
945
904
1097
2107
1148
421
1941
1677
1795
10
2102
2282
925
1976
97
1844
1550
378
40
76
1148
1929
1795
10
744
1854
2075
405
378
166
1176
1844
1808
1501
620
971
417
1661
1131
2296
632
643
2241
905
410
620
1317
1501
1328
1223
2075
378
1210
1428
1410
2224
28
252
2109
1787
1053
813
2224
1272
1223
493
914
2145
1852
1053
2029
1977
1806
1943
2137
1114
1844
845
108
1210
399
1421
465
2101
1090
748
2300
538
1811
2224
1452
161
1336
663
2044
711
378
2044
711
378
1210
1223
2075
1465
1062
1352
1062
620
1223
2075
1465
1062
1352
1062
620
1434
1071
500
1784
681
1585
1691
2076
1661
893
1780
378
1223
2075
171
1220
574
1401
1097
1542
205
171
643
309
2300
2295
1751
443
1701
1027
1077
845
1392
1447
1691
813
971
1691
109
813
2282
600
1176
443
1884
1223
1579
1352
379
1448
1287
971
971
1139
1223
2075
643
1176
233
2107
178
1262
2282
437
845
606
1884
355
1489
1884
1274
97
634
1670
600
1928
1743
1223
1517
856
786
1691
2282
437
1691
378
773
437
845
378
108
845
1939
1888
253
1811
750
1328
2178
861
378
2178
896
1223
1579
2282
1691
378
378
1210
2045
492
780
1164
715
1007
1905
2161
1634
42
762
84
415
2218
48
1943
2089
2100
1176
2241
118
2100
1176
99
2301
2100
1176
1941
2241
118
791
20
791
20
2218
674
791
791
20
674
1542
537
48
2241
2146
1943
878
166
1864
100
1092
564
502
1401
1662
564
668
1032
1662
564
359
668
1049
2009
1119
564
502
1329
1709
1126
1346
1220
171
1220
911
1401
1176
980
1941
1077
712
1888
1911
1578
632
1662
564
1956
2241
1623
1223
1243
2057
118
120
1795
643
120
1795
643
120
105
1795
643
120
378
1223
2075
1465
1062
1352
1062
1774
73
1148
1727
1595
1478
636
1795
1040
2123
2048
395
65
477
1139
856
2253
1118
1176
1139
1139
2282
548
1459
2007
1766
1464
2101
1704
1941
305
657
67
1672
1117
1176
1784
1118
2106
773
65
113
631
1798
2048
1054
930
1428
387
1682
2224
2053
1384
548
1891
1941
38
1176
1139
1272
352
1529
831
1054
124
1448
1223
1054
2075
1054
124
1448
2175
1744
124
352
1529
1495
1054
1448
1884
1366
799
1502
1908
378
300
1849
1328
1044
1804
1708
2094
715
643
2282
643
661
1669
2094
1056
643
257
1893
1864
117
2300
546
1643
643
1673
1616
1342
300
1164
1804
2054
1208
643
2007
1804
345
1828
1912
2145
1105
1474
345
1828
1434
1574
1220
1401
2313
1062
378
1223
2075
1465
1062
1352
1062
1252
73
508
831
1465
1103
1258
831
1465
1328
1223
2075
171
643
1199
808
1152
1980
1243
517
786
1007
1899
171
1220
574
845
1016
316
1681
517
732
808
904
1007
1899
1681
517
549
1223
139
1440
711
2000
198
517
1177
139
1864
996
1097
2230
1681
517
732
1746
732
1943
290
1223
517
750
1451
735
825
139
139
517
773
711
1613
314
109
97
1176
1199
630
2127
2285
374
85
2265
2285
1670
1176
1199
750
2126
139
517
1746
773
2003
927
2241
2003
808
996
1481
2069
1223
1943
1112
2037
1407
1672
759
77
936
1107
517
998
410
2029
1002
735
1451
517
276
1839
1847
2211
517
1462
89
955
1647
1145
1577
1666
72
566
99
2278
1640
1616
517
643
711
564
2173
1864
961
808
517
879
517
1401
808
1183
1298
2000
1943
1199
643
808
798
1943
808
750
1864
1083
1661
2199
996
1155
1707
1943
937
904
2241
1421
936
937
2164
1850
970
955
1647
1145
1577
620
643
328
1795
10
840
76
1223
2075
1465
1062
1352
1062
378
1998
922
2093
733
932
561
1079
505
932
668
922
2145
505
1223
2075
1465
1062
1352
1062
1157
1090
2021
1090
142
560
2107
2300
845
1941
76
1521
678
1164
1492
1614
1097
2021
2146
794
2112
14
1933
845
388
1346
1220
1164
1176
657
1346
1220
845
1844
552
378
1844
1329
845
1842
108
314
2146
1494
1842
1097
28
1545
465
2021
1090
698
719
1086
1625
1583
14
1574
1672
2110
1235
1336
635
1519
399
963
437
520
2075
1176
1884
620
1223
2075
1756
643
2075
1176
2169
1884
1747
1864
945
286
1025
1884
767
312
2282
1401
767
548
752
97
2186
465
1262
1176
2186
1191
2007
504
767
312
381
752
97
2186
465
1262
1176
378
2214
1844
1157
845
108
1210
713
1283
744
2066
1982
262
82
1238
584
662
724
82
1489
1691
1933
1794
654
289
1097
2139
1118
1794
178
1165
1022
1512
643
1553
1022
995
410
1210
643
998
1022
2112
620
411
1870
268
597
932
620
411
892
643
2106
597
932
1311
2241
504
1571
1631
923
2097
2044
711
1870
597
932
1336
2282
1675
268
1707
1292
2191
941
1420
1117
382
2260
1691
1613
1610
311
1404
2017
238
1842
1100
2034
1875
1691
831
1401
268
502
492
1691
399
845
831
1275
655
379
2017
520
2282
750
14
138
1217
280
2282
1654
1010
858
750
1654
517
82
667
187
1045
1999
1287
187
1010
896
1176
2210
374
2029
517
1152
2210
1035
1223
2075
721
1176
1564
2169
1704
750
1744
2181
2240
2241
2120
2134
1744
378
1151
1511
1870
2282
1979
1387
399
963
651
1300
1233
77
1233
1600
304
604
2282
2025
1407
1423
2080
380
1986
1452
1624
1300
1655
876
2181
1176
1234
750
1624
563
2144
1568
820
1176
1906
1866
1916
450
667
1507
1941
1986
1176
667
1675
41
798
249
107
146
2176
1383
640
2282
2209
1404
2256
1705
1233
1213
1220
2093
338
643
1480
535
1223
2075
1465
1062
1352
1062
620
95
1448
1223
2075
1465
1062
1352
1062
620
1223
2075
1465
1062
1352
1062
620
643
328
316
2057
2210
1001
465
2241
1438
1176
2210
1258
657
1546
1509
2191
374
1941
1637
378
1546
1210
378
1623
1776
674
41
2245
69
620
1574
640
643
1223
2075
1465
1062
1352
1062
1844
845
2234
946
845
1235
946
845
807
2017
911
896
1888
1602
1625
199
1176
1694
1382
1295
115
2102
1070
1595
1969
1448
2202
253
1884
76
1176
620
1595
1969
1448
1967
113
115
1501
1595
1969
2003
2104
1218
1421
1208
1861
1502
1070
2107
1637
1270
115
2282
1477
2037
113
115
1501
1888
1070
1643
175
1070
1744
2032
594
175
113
115
1501
798
2107
1378
1139
1941
1595
1969
1448
2202
417
353
2252
492
1691
1313
2264
1664
1070
2102
40
1888
352
1529
2172
2031
1691
658
918
1675
125
2120
289
2058
1022
1575
794
1518
918
1438
1022
2223
1120
130
819
2223
82
2293
1022
1158
1640
2041
2223
1977
797
819
247
2011
819
524
2181
1518
819
2048
819
2041
61
2211
1717
1943
971
578
2181
1744
1816
1150
1022
2251
773
845
1616
232
2106
2005
2223
1150
227
2223
819
709
269
845
289
832
709
269
289
824
2198
658
918
76
378
2041
819
1162
935
845
108
1062
1844
850
643
1062
661
1804
1434
1574
1220
1401
2313
1223
2075
1207
161
526
1006
675
97
620
246
2235
1215
704
858
19
845
1249
1176
2106
2064
61
1701
1800
2286
65
566
99
1185
1587
984
1310
1000
1223
138
925
973
1864
48
2029
1943
305
1281
1287
1969
912
1446
1101
1864
2210
459
578
1287
1768
1309
1223
2075
332
1498
1429
2164
925
97
399
2282
973
1864
48
1844
850
108
845
1223
2075
620
2178
2210
1587
1223
2075
925
1976
97
973
1864
48
378
1223
2075
1465
1062
1352
1062
1309
697
1223
2075
1465
1062
1352
1062
1941
1888
1955
120
691
1679
120
1635
489
908
1679
120
767
120
1672
2059
2055
517
1854
2075
1176
2055
1
1955
504
1465
1176
1272
379
1846
1785
1338
2029
911
705
67
1421
2282
2282
940
1310
1139
399
2107
813
2055
517
491
179
1139
1672
2055
517
1854
2075
1176
2055
1176
1846
1077
1243
1811
1795
911
986
1811
701
759
1077
1243
2282
287
2055
517
2288
2145
1356
2288
2055
1854
1176
1176
239
180
2282
2156
961
2107
845
1854
2075
1176
2055
845
1165
2055
517
839
823
1564
1116
839
1243
2051
839
1917
1848
2224
1176
1846
1077
1243
1811
1795
911
986
1811
701
759
1077
1243
108
845
1844
452
1918
845
1256
701
911
1795
1884
911
2090
911
2282
1795
1884
911
2101
264
1811
500
1119
71
109
2081
1679
547
691
1884
911
616
545
48
925
773
766
887
1487
971
1846
564
141
1079
35
2101
404
1811
1884
616
1598
946
504
1465
937
1851
1837
120
1097
1613
297
719
76
705
1077
726
399
928
1844
1846
564
141
1854
2075
1176
2055
1025
1888
444
1246
1912
178
1877
381
1096
1613
492
1691
1210
378
1120
364
992
275
1465
1853
41
1538
762
1569
460
1538
2282
1888
762
1866
2061
916
2037
82
2048
762
1460
1538
2041
1624
2048
762
1090
1816
1460
1538
2041
762
1090
798
2282
895
1538
1941
2271
1090
1816
746
1150
762
1572
1884
1348
40
1744
275
823
933
1538
1012
215
1902
1641
2185
823
526
1643
2282
1851
205
1275
1562
47
1894
1818
1562
1853
1944
1044
1661
1884
1912
967
151
1853
47
1223
1562
1332
47
1223
1562
1332
546
1643
691
1884
2075
1097
378
1223
2075
1465
1062
1352
1062
1844
1808
620
259
794
97
1672
1853
620
1272
411
2134
2202
279
566
99
1223
1243
996
2225
573
548
410
2260
1176
1396
845
1757
1564
1131
1884
2107
2282
314
1854
2075
721
1176
1131
444
1145
1131
1501
2107
312
986
96
1142
1220
1844
1930
1651
657
566
2148
2217
1131
2164
1899
1503
1131
2064
328
444
199
1223
1243
1131
824
2225
1223
2075
721
1176
1131
444
1145
1131
767
2075
1176
1131
1006
869
548
410
1459
410
2109
548
410
1275
171
1564
1208
171
643
1208
14
238
1131
238
2241
2146
99
1419
1131
2164
1616
1969
1448
1055
643
548
1854
2075
721
1176
1131
444
1176
1396
1854
2075
721
1176
1131
444
1145
1131
2092
1696
2029
1176
1564
51
1564
2134
1278
1146
2175
334
437
1348
1223
138
96
1142
1220
547
2309
1448
1278
96
1142
2029
1884
1054
1585
381
1854
2075
721
1176
1131
444
1145
1131
643
2075
1176
1131
1006
548
410
15
657
1943
1557
1943
61
138
1689
366
1689
1943
2155
1943
28
2146
1689
366
1689
1943
1844
620
1139
97
1884
1139
899
1941
736
374
1892
731
845
1513
2151
129
845
1155
374
741
1884
1421
1208
1410
1884
1000
552
1139
1884
939
1231
1139
939
2102
185
1371
1984
1200
491
1661
1396
2300
1200
1967
2185
131
603
1042
131
255
1430
845
108
2234
1844
845
1616
969
1371
1396
1371
1659
750
40
1208
1667
1223
88
1613
1672
285
804
2306
845
1176
1328
1070
1336
2000
2102
2082
2082
2000
1070
1336
744
2102
2082
2082
744
1208
1070
1272
281
1263
2082
2000
744
188
1272
1151
893
395
681
1062
620
443
517
1019
569
1199
904
881
1459
789
2206
1937
399
1166
2025
467
2025
410
381
1090
69
138
590
1921
211
381
2309
171
643
849
76
1164
1864
1623
2282
1457
1176
2003
845
2226
1864
198
1232
2241
118
2181
1744
1568
1986
118
1377
1850
503
201
118
1850
1995
2020
354
97
845
1421
1208
1220
1223
1243
845
108
381
1884
731
1884
2075
1090
1139
2282
1309
1884
1493
1391
163
1309
845
108
1844
378
657
980
2164
381
845
1602
28
2260
1691
1210
1613
1346
643
2136
799
400
1744
2219
2257
1941
2220
2220
1088
1869
1086
382
2220
996
1675
759
1675
1696
1884
1376
1000
1428
231
1252
402
823
99
97
1469
1291
1884
99
2312
287
1888
1000
1139
2312
1139
1786
314
1842
352
1054
873
61
1223
2075
721
1054
873
1564
1054
767
2075
1054
873
955
1139
759
2007
642
99
1884
953
12
2036
1266
1139
97
199
1884
99
2282
2025
2191
99
1218
1139
1884
1656
2191
353
1437
2003
1401
1752
1437
1223
2075
1465
1062
1352
1062
381
1064
2154
1223
2075
1465
1062
1352
1062
2000
1756
1795
2282
120
249
1064
2154
146
2261
2241
2000
99
1941
996
76
67
1064
105
132
146
1677
824
1268
2000
1064
1064
2154
1077
1836
1795
105
1943
10
1139
1215
120
1176
1223
1176
2075
1176
1223
1176
659
120
1943
1943
10
1139
1215
120
1176
1223
1176
2075
1176
1223
1176
659
1795
105
1795
120
1943
1616
1022
824
2241
1626
656
1176
2142
1844
662
1804
331
410
428
1908
378
2213
331
1888
1268
1658
1842
1888
1176
2162
378
1210
1154
2164
2164
1165
1262
1309
2101
443
1916
1115
1235
1886
1085
399
2053
1498
1872
798
1816
1189
1085
1272
2085
2036
1542
1489
2081
1577
14
1652
1634
638
798
1689
1689
537
1916
831
1542
2271
632
210
1189
831
1815
2234
1522
2013
567
1624
1542
1624
2178
1916
1577
138
1001
202
2206
2234
138
1001
831
1542
1489
443
1916
14
583
82
1090
1872
14
583
798
1941
443
1916
1744
443
1916
1542
2102
1491
2282
1542
1119
402
2164
1115
1446
1834
1712
358
283
346
443
726
2178
1916
1577
138
1001
202
2044
711
1613
2282
406
1542
1916
1452
1103
1119
299
2075
1176
1593
443
2296
113
2101
1542
210
349
1491
2282
1542
1119
402
2164
2107
1210
1864
399
443
1916
1263
1189
1118
518
1681
1101
1465
1034
1795
378
1223
2075
1465
1062
1352
1062
1118
656
1272
1957
1096
2044
1230
1827
535
820
1323
845
1220
213
1691
2112
845
845
108
1062
845
620
2112
378
643
324
1223
2075
199
772
1163
1804
1504
1916
1176
1097
79
2170
1916
772
305
776
984
2279
289
1217
896
473
423
734
382
1504
2113
1691
1176
1356
1268
2199
1661
1083
841
1726
1176
312
1062
1401
856
2255
2260
845
309
1864
925
2269
1054
1448
381
1808
1864
399
996
632
2024
2024
1137
1515
2314
305
2106
876
831
744
1800
1884
945
363
974
1139
1117
974
928
2024
1137
620
1515
2314
1137
1118
2075
1176
515
1176
1272
831
2075
1176
515
2024
2024
332
678
2024
1515
2314
2024
2024
1515
2314
1210
378
378
1223
2075
620
10
1875
1062
417
97
1850
564
620
1875
1844
896
166
1623
1176
1846
845
564
564
638
520
1070
1537
988
113
564
1892
97
932
620
845
108
643
1854
1176
1220
504
823
2075
1176
1220
1176
1223
2075
1465
1062
1352
1062
43
82
297
2168
1223
2075
1465
1062
1352
1062
1208
1223
2075
1465
1062
1352
1062
1342
2145
564
552
288
825
794
1270
502
1176
1795
911
1744
2210
400
1854
2075
1598
1176
1176
1580
1672
2160
1505
911
831
1281
2112
2210
10
2264
2282
2059
620
97
2210
10
2210
10
2173
1112
2003
2210
10
1613
1795
616
1923
305
2101
2210
10
2234
911
1597
2210
1401
616
1077
1243
1846
399
1613
1795
911
616
1176
2234
2210
10
744
557
1586
2210
10
2112
1941
1035
502
2210
286
1854
2075
1598
1176
1176
1580
1672
2160
663
2282
2059
1717
2052
1794
204
1446
1223
2075
545
1864
378
1487
620
971
970
1210
332
1245
770
1675
537
2178
1210
584
1744
1208
305
1011
842
1698
161
1011
378
1854
1593
2075
946
1593
260
1396
2075
1593
260
260
1220
1472
1310
1500
845
744
153
678
643
378
1844
859
2164
691
1085
1501
1224
2164
2021
1614
1276
1174
1479
1943
594
1176
2101
2021
2120
1088
551
378
378
2003
360
1233
1348
1999
1097
1013
349
510
2282
2005
2011
2075
1176
275
61
1969
915
833
305
326
1836
378
533
288
1846
1077
2178
1223
2075
1465
1062
1352
1062
378
1394
1223
2075
1465
1062
1352
1062
1223
2075
1465
1062
1352
1062
795
574
2145
2271
1223
2075
1465
1062
1352
1062
402
937
773
1524
1220
922
1223
2075
1465
1062
1352
1062
693
1888
441
2000
2146
120
2000
507
904
1223
2075
1465
1062
1352
1062
2241
1710
2154
858
112
378
1401
1200
2164
1875
1062
845
97
1176
1283
1969
517
794
399
632
794
97
2044
711
1844
845
108
1223
2075
750
678
1054
911
1821
1795
1635
2062
1148
78
1176
1795
911
632
735
861
1672
2055
517
1854
2075
1176
2055
1176
2101
131
282
590
2092
2101
131
282
590
2092
911
2282
287
2055
517
2288
2145
1356
2288
2055
1854
1176
1176
2101
131
282
2282
2156
961
2107
845
1854
2075
1176
2055
845
1165
2055
517
839
823
1564
1116
839
1243
2051
839
1917
1848
2224
1176
2101
131
282
590
2092
2274
1854
2075
1176
2258
1564
1580
508
2075
1176
508
1006
1152
861
1943
861
1170
874
508
1461
735
1170
874
1943
703
302
1943
861
1170
874
508
1461
735
1170
874
861
1170
874
2075
1176
1170
874
1943
1926
925
479
1446
730
69
2092
1223
2211
508
1868
1640
508
727
1047
1943
1152
861
1665
911
861
1665
911
2164
2303
861
881
861
2296
281
131
2092
911
1217
1775
1097
1943
1844
2204
120
249
1691
108
1223
2075
1465
1062
1352
1062
1235
1691
1139
1746
1262
395
1262
1258
1672
2059
2055
517
1854
2075
1176
2055
1421
1800
822
822
1170
312
1821
1170
874
312
1821
861
1170
1170
874
1795
1821
861
1170
874
1679
1342
508
1679
2062
594
1933
1318
2136
219
1836
1176
92
911
1170
874
1170
874
1170
874
1488
1695
1675
1602
911
552
1170
874
1097
1170
874
1421
2101
911
2136
1338
2062
2136
1800
1176
2171
71
2080
1595
861
1821
1795
1679
1424
984
730
2092
911
2101
282
1691
1139
76
2282
491
453
1533
378
1210
827
1258
378
1434
1574
1220
1401
2313
1223
2075
1328
378
1223
2075
1465
1062
1352
1062
1151
1886
531
1166
1459
514
353
2047
1437
911
616
465
168
731
2007
35
2282
1004
1834
1672
2282
1744
2047
2261
762
1356
1346
1220
1941
41
2007
1072
353
1580
2101
1884
939
1176
911
616
1675
1010
1827
735
1854
2075
1176
2258
1580
508
2075
1176
508
1314
1795
1679
1166
1884
1679
2047
1437
1014
1306
1437
1624
1580
2101
168
1884
1941
378
1223
2075
1465
1062
1352
1062
378
1223
2075
1465
1062
1352
1062
1905
1546
176
845
1593
1278
1888
819
628
700
1180
204
1941
1584
417
444
1258
290
1421
719
2049
67
28
719
1830
492
444
198
1537
1941
1533
1941
845
417
502
1864
1176
846
1593
1278
1546
533
845
417
1476
440
1214
1884
1446
1634
819
1348
2007
1731
845
283
378
1095
1223
2075
1477
1238
1300
819
611
2172
1404
819
1510
611
2034
1941
611
1945
88
2020
2172
310
1408
1176
134
2057
1893
2198
1621
76
1235
1496
378
1176
2206
1139
1176
1604
2282
1487
845
1584
2125
2029
1943
1584
962
314
2057
1176
1421
1800
2282
687
176
1480
160
1176
585
694
2107
334
1176
536
2057
198
487
2157
791
138
845
632
620
259
794
97
381
253
2255
1884
1223
2075
1465
1062
1352
1062
2007
952
443
1223
2075
1465
1062
1352
1062
1804
1223
2075
1465
1062
1352
1062
2007
1593
1854
2075
1022
1884
1223
2075
1465
1062
1352
1062
96
1142
1223
2075
1465
1062
1352
1062
1223
2075
1465
1062
1352
1062
2085
548
1474
1717
378
1171
1382
1263
82
353
1991
845
108
1210
378
643
1804
440
1828
1467
2049
1210
1238
318
312
10
1309
1943
10
1354
1054
1448
87
82
1229
911
548
1229
82
1229
1943
548
82
1229
144
82
1229
502
2274
620
1850
1176
1210
1062
1941
417
2309
1054
1448
1309
1958
1844
498
1888
1392
1624
312
1564
510
724
1272
82
1229
1210
1309
1111
758
1356
773
925
1976
97
1933
845
330
1557
1070
109
1119
1070
898
1758
622
2202
1888
1616
1602
1446
835
1223
1287
1672
271
1474
1176
1176
1217
737
2210
1176
1176
2272
1888
1991
2107
1090
748
782
1888
310
2241
437
1090
748
326
573
310
2310
2241
1675
69
82
2310
1621
854
67
2241
2146
69
643
2282
2054
549
2282
1675
113
1943
160
2241
794
1176
2241
2241
794
1176
2241
620
520
1563
2241
1140
748
399
2241
1049
1744
520
61
67
602
715
1446
1854
2075
1176
2258
1564
2007
1396
767
2075
1176
1396
2241
76
113
1446
1396
1888
1830
1446
1536
34
600
520
1744
310
1401
1621
1850
1943
40
1795
1933
349
1176
673
564
976
1795
1920
457
1827
461
1795
896
1744
2241
1049
2282
437
643
896
1943
2241
1096
1602
1309
2241
54
564
2145
750
1621
564
517
620
2112
611
1309
1744
1446
167
1118
2241
564
2241
99
1096
1854
2075
1176
2258
1564
1145
767
2075
1176
380
228
1744
1854
2075
1176
2258
1564
2007
767
2075
1176
1854
2075
1176
2258
1564
2007
767
2075
1176
1643
2017
564
1912
1328
629
54
452
1479
1943
2164
1750
570
1080
1538
1926
1601
709
1888
1022
1538
2102
762
762
1513
1641
2042
250
1749
762
2125
2190
1804
2145
2089
796
1749
1943
372
2075
1176
1641
797
2066
2075
1804
1868
1272
1380
681
1401
1868
2210
2210
2089
1837
564
1121
1641
1022
1641
1377
502
1548
2224
502
291
1641
1022
1641
1377
502
502
564
1272
1022
1641
1377
502
1943
1421
851
762
1758
1191
1641
2000
88
584
1362
1830
570
1080
825
1141
1415
2145
1643
1513
1794
1493
728
672
762
762
40
1770
1770
1969
762
76
762
1641
589
399
670
918
526
275
378
2145
2300
1975
289
2295
182
1417
1421
17
1151
2282
166
2145
275
750
40
1281
74
2003
1336
1272
670
918
1162
289
1027
410
762
1538
2000
275
1382
762
1038
662
326
2282
1864
410
2145
1415
490
1660
275
681
1964
762
353
1545
1648
1924
1465
545
762
1538
762
1538
1038
1641
1984
140
762
275
353
1465
1641
762
1936
1749
762
1119
1425
99
1749
589
643
99
1749
1474
372
1943
372
2075
1176
1641
797
2066
2075
1804
1868
1272
1380
681
1401
1868
2210
2210
2089
1837
564
1121
1641
1022
1641
1377
502
1548
2224
502
291
1641
1022
1641
1377
502
502
564
1272
1022
1641
1377
502
1943
762
1438
2125
1749
689
1641
1641
762
1260
1119
1396
1119
709
2102
1022
1146
1923
1538
762
709
2102
1493
275
1020
1749
629
589
1347
762
1749
762
762
2125
1641
762
1958
589
2233
762
250
511
1641
762
564
1721
762
564
762
1336
169
1239
378
1223
2075
1465
1062
1352
1062
1844
1798
489
963
1081
378
1072
1795
515
1309
2123
845
1933
845
2107
1182
1952
1256
2029
1943
974
970
417
1952
1356
1844
845
253
312
1970
631
731
1139
381
1262
2029
1593
124
1616
825
388
750
925
2006
1609
1564
1933
1176
845
309
1546
1077
1593
124
1027
1889
1248
508
61
138
1309
2184
204
253
1602
1027
1593
124
61
1547
1054
76
1139
1907
2255
861
1844
2017
381
845
108
378
1223
2075
1465
1062
1352
1062
378
1310
1262
725
1546
896
1176
378
410
1264
2151
465
1262
1262
1933
845
1062
1864
1258
656
1934
2059
1933
845
925
2156
2282
2054
1020
1027
1356
2241
1210
1888
2003
1181
2241
1049
2296
2241
118
2296
1016
2241
2059
2003
502
1202
1864
1789
1842
1027
1356
2241
628
1047
2241
118
2241
1049
1035
1844
1808
1691
1210
309
1176
1941
1054
83
2007
9
1229
2234
1394
744
1903
1077
2221
1117
943
1054
2047
1263
378
1223
2075
1465
1062
1352
1062
1602
2066
829
662
115
1501
309
713
825
713
2107
1062
1396
1329
1062
643
502
1613
643
835
40
1052
1215
1943
835
1283
1801
1283
1199
1223
2173
1953
659
1077
869
2173
659
1953
1321
1077
869
2173
1283
1801
1283
1853
1283
1801
1283
1321
1943
1875
2102
2310
1209
364
580
928
1031
528
353
2310
669
758
2238
1221
1927
249
776
382
323
363
791
1097
154
1853
364
502
502
1689
364
378
1062
1875
2075
1176
1396
517
1097
1199
1329
1062
323
1845
1844
845
108
1256
1139
545
48
1691
1487
1604
946
1691
1888
1176
1907
643
543
1054
1585
601
2263
113
1943
2282
2164
331
379
74
620
109
1751
1691
1223
2075
1465
1062
1352
1062
1341
74
2102
858
2298
1278
925
1487
331
1223
2075
1465
1062
1352
1062
1396
2282
508
643
1223
2075
1465
1062
1352
1062
1223
2075
1465
1062
1352
1062
1208
907
2228
1223
2075
1465
1062
1352
1062
802
490
277
1077
1794
1223
2075
1465
1062
1352
1062
1480
2120
915
2000
502
381
643
1933
845
309
1182
2047
1176
83
2169
1952
1182
1577
1691
1952
1182
1143
2052
928
1952
415
381
845
437
1703
2169
381
845
657
1182
1952
1844
845
108
1210
381
845
657
1182
1952
2269
1952
845
109
1176
108
1844
928
845
2097
1938
814
657
2107
866
1006
1501
2038
2075
1176
2255
620
2075
1176
1101
861
171
1220
1884
939
1220
750
2023
1844
1220
574
845
108
1223
2075
845
1220
998
961
2075
1176
1278
2169
1884
2112
1006
1566
1074
789
533
845
1943
92
1981
1278
1489
312
10
1529
1336
1389
543
168
1981
1981
1943
1278
2169
171
1220
548
1239
2011
1884
2075
1176
1278
2169
1239
1077
1278
2169
171
1220
1176
778
1077
443
378
620
643
1691
1428
1410
1245
141
1207
1672
1207
2000
2120
1854
2075
2258
637
2255
767
2075
637
1865
378
1864
1223
2075
106
1452
845
1281
131
423
845
2101
1272
1568
1576
1279
1287
831
1098
2274
417
2101
2282
620
1909
1844
845
399
2101
690
853
153
1401
769
443
744
1722
1032
395
1796
1638
893
1807
1394
1394
773
1643
2282
928
971
839
1867
206
1490
773
2044
1355
1490
1639
1224
1077
1243
896
1401
1097
1231
2282
1098
1238
1943
1394
1394
1943
852
567
801
1098
2274
845
1616
108
845
1090
1272
141
1210
2026
1346
643
109
1844
1210
925
1165
1864
1844
1616
1844
1844
845
2183
1090
141
70
2164
141
1047
520
141
520
2053
750
437
338
1220
845
1854
2075
721
1176
1564
253
296
643
2075
1176
253
1614
2175
204
119
579
1208
338
1220
2112
1691
1747
845
2260
845
845
1208
1346
643
1223
2075
1465
1062
1352
1062
76
1139
601
2101
1884
1223
2075
1465
1062
1352
1062
1424
83
1580
1884
1768
1223
2075
1465
1062
1352
1062
901
1808
735
1864
1665
1943
1176
1943
576
334
567
868
269
1176
426
1176
138
1421
750
928
2029
1864
1354
1031
963
1176
1335
138
1884
361
1916
1103
1593
1865
361
1916
2199
1312
1554
1830
632
1884
361
1672
2055
517
1854
2075
1176
2055
1176
762
1176
426
474
1575
2202
1208
1346
643
846
1336
744
1577
1401
2075
1593
1865
1691
2164
143
668
426
552
2282
287
2055
517
2288
2145
1356
2288
2055
1854
1176
1176
2282
2156
961
2107
845
1854
2075
1176
2055
845
1165
2055
517
839
823
1564
1116
839
1243
2051
839
1917
1752
2224
1176
762
1176
426
474
1575
2202
1208
1346
643
846
1336
744
1577
1401
2075
1593
1865
1691
2164
143
668
426
552
1707
533
845
161
1943
97
287
480
709
2055
517
1346
643
1691
1854
2075
1176
2055
925
444
1501
1888
845
711
1350
102
437
845
1401
1501
927
1039
657
2100
1176
1335
138
2007
402
1970
579
2228
1336
937
1176
1853
1851
1217
2163
1176
1853
620
845
2228
297
1845
745
925
1497
239
1691
620
845
1864
1251
2055
517
1146
1700
591
1865
788
1085
297
745
1409
1350
1593
353
488
650
576
1176
1844
845
108
1941
1079
2044
826
1336
11
1489
2136
1176
762
1853
744
2300
1153
1975
249
1546
1310
1941
1079
2044
826
1336
963
112
984
220
1094
169
505
1176
1853
744
459
293
1485
112
1686
206
1700
591
80
1941
102
348
772
711
1687
937
1217
1279
1176
1307
937
1359
1433
1725
1307
1979
669
1723
399
112
1176
1853
744
744
1094
1079
988
1567
261
102
2186
972
1283
1744
1176
1853
2300
1692
1532
776
382
1134
579
1336
744
1279
1176
1853
1031
963
2107
925
444
1501
444
1396
1317
444
1220
1421
1208
971
2307
744
1498
1215
1097
1811
1941
1176
1853
299
1331
20
826
339
1176
1853
758
426
937
1176
1853
1851
1217
2163
1176
1853
1031
1037
864
1943
1482
2075
1176
1049
1404
1278
2104
1220
773
620
417
1070
1278
1062
643
1105
2107
1062
1328
1223
2075
1703
379
896
1223
1176
2075
2215
1176
378
1062
1844
1123
1077
399
2003
1442
1324
1275
1795
1844
498
1844
496
1864
336
76
480
1789
797
1176
1904
1176
1262
2007
781
229
974
1176
2243
974
378
1262
1176
1407
1459
1176
1192
1176
1904
548
1564
1139
1798
1117
1176
1223
1176
2075
1703
2239
1798
1117
1176
1564
1139
773
2269
1643
2048
279
1223
1176
819
1540
963
939
305
1208
1770
1360
1394
1991
548
1941
1844
2120
2112
1783
2101
1090
1846
1272
2146
2101
831
1465
99
1452
2120
1894
1513
1493
129
2101
620
2151
129
1800
1546
2064
1068
2282
502
2060
378
153
1176
1148
1104
156
1176
1148
1302
1662
822
36
1852
1918
979
1842
1661
1127
598
1795
1480
1546
2058
531
1223
2075
1795
1480
1437
1721
1677
2000
750
928
750
378
1851
1382
1252
1888
1795
10
808
289
908
1795
10
105
1616
1437
789
487
129
2234
1943
1677
1943
1888
1176
1148
153
1016
421
1677
808
1677
1677
908
1583
1941
1403
105
681
1677
773
1513
545
378
2282
1613
789
165
928
695
2282
1844
1550
2243
1176
1167
2180
1704
869
1758
1148
2085
2270
620
1346
1220
1691
865
1401
1199
2282
1279
1715
681
703
305
2234
1148
279
1039
1176
1148
681
1199
2234
1715
681
584
1176
1148
1148
2178
1830
279
2192
2234
1715
681
1176
1199
1722
1032
798
1964
1054
1176
1448
2234
417
1148
822
1884
1155
2178
1830
1788
880
279
632
2191
1037
1305
1223
2075
1176
1864
1401
1054
1176
1448
1099
564
378
1854
1176
2076
1844
845
1366
39
1679
1176
1884
71
410
283
1884
1306
1054
1679
1028
2282
1202
928
299
566
1529
1079
786
1609
370
10
532
1370
548
410
548
548
1463
1276
2173
1366
1201
1366
1884
168
1437
813
1571
312
10
2104
1463
1276
1583
2094
2078
399
1884
1306
1054
1679
1054
911
620
566
945
2215
1223
2075
1465
1062
1352
1062
620
873
2047
1979
2048
1458
1223
2075
1465
1062
1352
1062
2175
566
1529
220
1854
2288
508
508
2288
504
508
1529
2239
2261
1370
548
410
1844
1864
153
749
1605
1097
1605
77
1864
1844
1616
379
1616
1223
1176
956
2075
1703
1176
1234
1659
1774
1743
1223
1176
2075
1703
1176
1234
1659
305
1774
1744
1795
1703
1176
1234
1659
1943
1659
1576
24
534
1605
1659
659
1659
162
1340
1659
162
1605
1943
1151
1324
1745
1560
489
1324
1745
1795
1223
1176
2075
1703
2007
1978
1795
1199
1223
1176
2075
1703
2007
558
2146
2101
1593
558
1223
1176
2075
1703
2007
1223
1176
2075
1703
2007
517
17
1223
1176
2075
1703
2007
1176
752
97
1344
1223
1176
2075
1703
2239
2178
1223
1176
2075
1703
2239
1411
1010
1223
1176
2075
1703
1798
2048
1050
1176
501
1223
1176
2075
1703
1176
1234
1659
1223
1176
2075
1703
1176
1234
1530
2241
1223
1176
2075
1703
406
289
1176
1124
749
1605
300
49
1774
2124
1537
2107
1223
1176
956
2075
2282
643
1781
1084
109
1324
1277
1659
379
1789
1422
1774
1390
1789
425
1223
1176
2075
1703
2007
1978
1795
1199
1084
1616
1223
1176
2075
1703
2007
558
2146
2101
1593
558
379
44
1223
1176
2075
1703
2007
1616
1223
1176
2075
1703
2007
517
17
1616
1223
1176
2075
1703
2007
1176
752
97
1344
1309
301
1560
1223
1176
2075
1703
2239
2178
1616
1223
1176
2075
1703
2239
1411
1010
1616
1789
1223
1176
2075
1703
1798
2048
1050
1176
501
1941
1560
1223
1176
2075
1703
1176
1234
1659
1789
1616
425
1789
1223
1176
2075
1703
1176
1234
1530
2241
1941
1560
1223
1176
2075
1703
406
289
1176
1941
1560
2106
2260
1691
1223
1176
956
2075
1703
2007
1223
2075
1465
1062
1352
1062
1328
620
1223
2075
1465
1062
1352
1062
1846
1466
1543
802
1223
2075
1465
1062
1352
1062
378
744
1148
681
381
1795
1756
1223
1176
2075
2215
2274
126
1297
1182
1133
1217
1342
1297
1287
1176
1297
1297
1287
1659
1984
939
578
1287
399
996
1692
1887
1844
1864
67
1151
1691
1176
1613
1027
1986
2241
504
40
1986
2100
1680
1036
2241
502
2100
2100
2100
1680
2003
1728
1546
1096
1715
1036
2241
1365
1153
750
1477
1596
1096
1960
1201
1036
1715
2241
1457
1176
1888
352
508
911
2282
548
1884
1054
731
1394
2044
711
1789
1842
1692
1596
1036
1940
184
947
1096
952
1036
1677
2234
1795
1756
2263
2234
1795
1176
1148
681
292
1235
604
1219
704
1401
2000
454
620
527
1176
643
604
845
1658
1220
454
2000
454
2000
454
1103
1239
1941
772
39
1336
2300
1062
486
1202
2057
262
1215
1176
984
216
706
1278
1179
1101
2125
1272
489
1421
2282
1178
216
1747
466
1401
2075
704
1875
1377
2241
2107
1176
1215
417
1377
1578
449
883
1272
205
2300
2188
1120
1215
1188
2229
1215
2207
947
704
1215
1615
373
205
1044
1215
1401
44
2282
1281
984
216
299
831
1215
1323
831
1215
715
1272
1215
470
831
1215
1662
1272
2125
1336
97
1215
1498
1146
1188
1284
1498
1146
1284
218
2125
1090
1271
2198
1006
1336
444
1232
2101
1485
1215
2145
1404
2079
733
337
1703
305
1909
666
2241
1884
1583
1208
1215
1176
1975
1577
1405
1888
1875
928
2003
39
1602
2282
1199
1208
643
489
2241
1262
643
998
2151
556
2241
2119
1176
164
1176
1199
1912
1343
1875
2068
1941
1875
309
1602
1875
1021
1112
10
59
1685
932
1875
1909
1396
2177
2209
172
1717
678
1272
1059
1364
1943
748
2058
611
20
1424
1138
2119
1943
564
968
2240
1336
1446
932
2058
477
928
1943
1616
382
1346
1220
1489
564
1616
2266
673
840
593
564
789
1219
2093
1717
2104
1090
748
449
1355
1215
1312
2282
1692
1151
1239
1377
2282
1545
323
1235
1662
1502
247
1864
1336
831
1119
2282
502
1401
1396
1176
1199
2234
831
835
454
1090
1090
1223
1336
748
1049
748
454
1498
1239
1152
794
748
1498
1239
1152
794
2029
825
1215
2196
2078
111
748
748
20
1138
748
1498
1152
1090
1272
205
2011
236
996
1769
1397
1372
242
2064
831
1300
1844
1762
1762
1215
108
836
1634
1151
706
1901
223
1399
323
1399
2177
1217
1675
2034
205
507
343
1602
1875
1399
884
188
2246
2020
1795
1888
1762
1798
1421
1602
1875
1399
1578
572
166
1950
1401
2053
1396
1941
155
695
893
402
556
2254
2282
48
1401
1396
1602
1875
1399
884
188
2246
2020
1795
2020
831
105
2000
831
1745
343
1219
40
1272
488
1864
2029
2179
2078
498
1875
382
1943
1975
1633
2191
1140
1401
1215
847
643
1059
378
502
410
709
709
1252
709
502
719
1665
1792
1298
758
410
1027
1546
1285
1480
1691
660
502
2003
410
1298
255
378
378
1672
2055
517
1854
2075
1176
2055
1176
748
2034
135
131
1986
138
2282
287
2055
517
2288
2145
1356
2288
2055
1854
1176
1176
2101
131
1131
138
2282
2156
961
2107
845
1854
2075
1176
2055
845
1165
2055
517
839
823
1564
1116
839
1243
2051
839
1917
1848
2224
1176
748
2034
135
131
1986
138
1672
2059
2055
517
1854
2075
1176
2055
108
845
378
399
2142
858
253
1201
1943
1616
479
1664
1191
124
1884
124
1201
1745
1047
915
2131
2046
1664
1201
1941
2020
1920
1664
1941
15
2020
643
502
1176
1943
494
1744
998
996
643
259
124
1372
1943
305
1206
687
124
643
1602
115
2072
2066
1884
2020
1006
1501
2072
1593
2066
1941
2020
1501
1884
643
1309
1673
1446
1210
643
1602
2075
1176
253
1664
2038
643
1975
1378
1941
633
643
896
1278
378
2206
1401
1120
1720
399
76
910
1498
2282
53
613
1746
1090
1844
1691
549
1943
1498
1943
1844
845
856
1513
2151
1546
1854
2075
1176
2055
1854
2075
1176
2055
1672
2055
517
1854
2075
1176
2055
1176
46
1093
120
424
2241
2173
1691
1208
1346
643
2282
287
2055
517
2288
2145
1356
2288
2055
1854
1176
1176
2282
2156
961
2107
845
1854
2075
1176
2055
845
1165
2055
517
839
823
1564
1116
839
1243
2051
839
1917
1752
2224
1176
46
1093
120
424
2241
2173
1691
1208
1346
643
1166
620
143
735
1827
1335
552
1322
1711
663
2179
2282
318
1795
1679
476
620
915
1148
502
2282
1583
1836
1024
1686
2025
2000
502
2282
2179
2206
1661
2232
1691
1854
1176
839
171
643
1854
1176
839
1191
643
1854
1176
1220
504
823
2075
1176
1220
1176
1695
10
1079
1541
551
1879
305
1208
725
1844
2017
1220
1459
1635
819
1223
2075
1465
1062
1352
1062
845
643
1126
773
510
1459
643
2096
2151
1161
198
2101
1854
508
419
1868
381
845
1232
1278
1972
404
773
1271
405
155
1842
122
2020
1095
758
2048
1972
508
1359
1271
830
2029
155
1717
168
677
1287
1272
234
2173
2155
1139
1200
947
2282
620
1220
1691
1239
1421
1609
1589
1118
2098
643
363
620
620
1967
1583
168
1624
312
1119
1287
1272
1200
677
459
1155
772
845
1616
870
1176
1176
529
1864
656
1661
1787
831
1009
1176
1933
2260
845
961
1176
1457
2282
1846
1943
1707
1864
2192
1176
961
845
925
928
845
2260
1176
1210
845
1616
1844
1176
1176
529
928
2234
1888
1943
961
845
1943
845
1176
1649
744
1580
1054
465
1795
767
1096
867
1054
10
1649
744
1580
1054
465
1795
767
1096
867
1054
10
744
845
297
2274
1602
771
1643
704
1113
1868
1580
1054
465
1795
767
1096
1096
767
1096
1176
1795
1580
1054
465
1795
767
1096
1096
767
1096
1176
1795
1062
1580
1054
465
1795
767
1096
1096
767
1096
1176
1795
2199
1943
1707
2104
1602
845
989
284
767
1546
1661
1176
1176
1795
2301
1756
1683
10
1795
511
1229
858
845
437
1756
61
379
1563
1382
335
2199
1679
120
249
767
1077
1054
1448
2112
1148
1991
1000
318
928
82
1229
312
443
2264
1546
1623
378
1210
1223
2075
1465
1062
1352
1062
1191
1542
1396
1884
1223
2075
1465
1062
1352
1062
142
1542
922
1097
847
1912
1223
2075
1465
1062
1352
1062
132
1083
574
309
2057
1223
2075
1465
1062
1352
1062
392
416
374
2011
553
1534
904
1746
1873
2029
155
681
251
52
535
1695
105
681
2003
1336
869
376
2164
1746
1382
2000
2164
440
656
182
1637
465
251
1637
1534
1113
1933
40
1795
822
1844
1893
602
632
1082
778
1909
1854
1176
2075
1703
2239
1580
1030
537
67
1745
712
67
149
744
479
744
2282
574
1287
404
564
643
108
845
1223
2075
2101
1328
744
1853
522
26
744
564
1616
564
1973
1239
404
932
1691
564
564
2095
845
1854
2075
1176
2258
1564
744
767
2075
1176
118
744
845
744
479
744
620
643
1210
2107
2282
1220
2029
1164
2107
1409
1205
2241
1530
1176
122
398
2107
382
1546
2011
597
932
1220
1854
2075
721
1176
1564
171
1220
767
2075
1176
1210
1864
1035
845
99
138
1114
99
76
138
1815
510
632
715
2300
1152
798
1892
28
2164
715
138
28
99
41
715
1493
1047
1309
138
299
2189
613
798
1026
834
1892
2164
526
1789
1842
224
1126
1275
1546
1458
1275
1943
1975
1892
1328
629
2282
249
1807
1543
1844
1744
1808
845
748
2034
138
1198
1421
138
1853
1571
1892
1328
629
1834
1151
557
399
1844
845
108
1256
1329
1139
138
1853
150
750
925
1020
2107
1933
845
1678
1804
2145
1908
99
138
1111
1247
1982
1660
138
1815
510
1933
492
1691
1864
1616
1474
548
1564
758
1421
574
138
831
565
444
845
1401
2146
1086
1097
340
138
2112
2029
2300
1844
845
108
1844
1808
2057
1157
845
108
1691
1062
1923
620
1184
171
1220
1586
1310
925
1020
1691
1407
963
459
256
1624
2083
564
868
332
1899
1799
768
1223
2075
1691
1864
643
332
2274
1943
517
1943
1201
1489
753
1446
2000
998
2000
2044
1255
1799
981
1908
239
1287
1888
404
925
1976
97
2029
731
2007
1199
479
1844
477
1691
1468
1844
1675
1459
1933
744
1442
1252
452
2000
122
1910
2000
656
331
1312
1804
1449
1570
331
107
2109
1804
1941
1896
621
1933
656
378
1223
2075
929
845
1049
2010
878
417
1804
845
620
1049
331
1103
1623
1176
2032
1010
2058
1583
2032
292
1176
279
1223
1396
1372
1223
1396
303
72
1850
1660
1223
1396
1223
1176
819
1360
2049
922
1795
809
1830
1223
127
1371
701
1086
803
1223
449
1377
1660
4
2136
1864
922
2027
1137
131
757
1842
1941
1531
1044
1691
155
1010
127
745
86
1137
2103
127
750
726
701
932
906
826
1688
1643
711
1571
73
1887
673
1281
86
750
1581
681
2049
1010
1137
303
922
2049
1795
1098
793
1022
1984
9
574
906
1661
1061
1287
922
1287
922
1061
1137
750
455
1483
2309
857
1287
1137
1287
1137
1061
623
155
1176
291
1061
1401
135
732
67
757
1630
2132
732
1401
1830
82
906
681
725
1359
946
1660
1396
1183
757
2132
1096
1199
1287
757
1795
1795
701
701
732
67
1287
757
1287
2132
1287
1137
303
922
2049
1795
1098
793
1022
1984
9
574
906
1661
1061
2049
922
1795
809
314
354
1176
135
1660
858
155
1986
564
912
755
1581
1795
1289
1098
1813
1218
1077
141
1723
114
485
1406
755
158
1660
1223
1396
72
1396
279
2282
2300
1830
1223
127
1371
701
1086
2049
922
1795
809
314
354
1176
135
1660
858
155
1986
564
912
1223
127
1371
67
1966
2283
737
1395
1703
1660
1446
1223
1396
1616
1494
1077
141
86
2310
305
351
258
1546
759
131
757
544
757
131
906
127
1941
135
1701
1119
1223
1707
584
167
1031
2138
373
1287
757
2282
1701
413
681
906
1070
413
681
711
1745
831
1070
2282
1269
1119
73
906
2223
303
732
413
1701
681
2138
772
2234
120
2000
1701
2089
2210
1474
1854
1546
2075
1579
1176
108
1888
1854
2075
1747
328
1029
1393
1691
1616
1223
2075
2107
1844
1544
918
1176
443
527
1744
1794
1474
2196
353
1830
1798
1544
89
50
402
561
97
2196
41
410
126
1404
305
146
1437
331
1474
2074
1616
477
643
918
1176
443
527
1275
918
1653
2033
1415
752
97
1653
767
643
1941
816
816
1407
643
1237
2102
141
1527
1577
1474
2196
512
1527
1830
327
1356
1527
97
2002
443
1933
1176
443
378
1223
2075
1465
1062
1352
1062
2282
18
735
18
1208
113
498
1797
28
1619
363
1808
378
1864
1256
378
1083
2102
314
1888
249
2241
564
1283
1152
1489
667
1007
1096
992
564
2241
564
40
2100
723
2000
1791
2100
723
2000
2100
2241
1943
2007
1145
723
767
1096
2100
1176
723
2000
643
2241
1677
1148
2173
1884
1176
1884
1096
1176
1884
1096
1152
40
1016
68
766
225
646
1129
2154
40
1793
2282
113
160
1577
1283
2241
504
1677
564
1035
2238
2241
118
1927
1677
1035
2053
477
2310
502
1864
1854
1546
2075
1579
1176
1808
40
68
77
105
681
1943
2033
925
1864
1638
321
643
1695
1602
2102
1943
864
1258
77
620
643
1844
845
108
1844
845
108
2060
2107
1176
540
845
845
237
1222
723
1884
465
1795
1884
399
1657
1090
1311
1272
2053
1090
1090
1090
1085
925
491
1018
2035
447
99
623
1310
1085
1090
1272
1090
2119
2053
1090
1272
750
1844
477
2310
378
1223
2075
643
334
1884
786
939
1768
249
1176
1629
272
1220
97
1233
1740
269
722
1707
582
491
1323
2241
1103
1913
2241
28
327
410
2000
166
388
831
625
2145
1252
2029
2300
560
22
2228
491
945
744
1795
1888
929
410
739
399
996
89
1453
445
2172
1336
2241
245
1101
576
750
2198
1862
937
945
134
2300
1090
748
2182
366
2241
472
520
366
748
1888
1453
520
1090
748
520
526
1602
1114
69
2241
1049
1598
1789
1842
1643
307
1039
498
2209
1938
1502
1968
2107
428
39
1888
2241
1049
40
2241
2241
1049
366
1744
2241
2146
748
2241
2146
2241
1146
839
2107
2241
2146
2241
1146
928
620
794
1586
1223
2075
1465
1062
1352
1062
352
1329
1885
1625
1176
878
750
2097
845
1220
1223
2075
1844
850
1409
2206
1039
505
2107
1508
109
925
1933
643
1864
2107
1625
1498
1176
1165
1893
280
845
2282
1691
1020
1064
1854
2075
721
1176
1564
2007
1234
643
2075
1176
1234
2282
925
928
1844
1479
1176
378
1223
2075
1465
1062
1352
1062
378
153
1272
120
831
379
1955
911
1513
1138
1795
528
629
1662
129
1502
1901
911
1682
1480
120
1272
2003
2129
120
1119
911
508
2255
1096
1679
1229
911
1335
1202
129
911
1335
2060
120
2102
831
379
753
331
911
2206
940
1272
1888
621
1407
2206
1165
1912
399
2025
331
120
1888
928
526
1844
1252
911
409
724
1795
1480
1229
1090
120
1795
767
1795
120
331
378
305
2143
2107
1090
1795
1480
120
1272
1223
2075
721
1176
1564
2169
1194
2029
2007
1786
750
1756
1795
1223
246
1659
1984
1624
443
1223
246
1342
443
2101
750
2267
2310
1652
528
2152
1556
2077
528
1297
1948
1672
1070
986
207
315
2282
314
750
937
150
928
1744
241
1388
99
750
1745
2075
1854
2145
2075
1795
894
147
2113
632
2101
188
1054
141
1256
2039
99
241
99
1146
791
1006
1298
6
1672
2282
1208
657
2134
1216
672
1201
76
1602
1513
1449
1054
945
241
1060
2312
2029
1723
168
601
1139
1298
2145
305
1139
753
221
1401
1054
1098
221
677
147
10
1223
623
1233
1054
241
1558
1298
147
10
1173
1624
2145
369
1396
1967
221
1098
305
2040
1136
1054
1098
750
14
970
1176
911
616
1120
1407
378
1223
2075
1465
1062
1352
1062
1077
1808
1223
2075
1465
1062
1352
1062
1223
2075
1465
1062
1352
1062
1176
1884
856
2107
1223
2075
1465
1062
1352
1062
1203
629
2282
1498
580
311
871
580
212
580
1547
750
976
1421
1888
1008
1582
922
2235
1881
1498
1498
549
232
1272
2075
1176
2255
2075
1176
1401
155
1979
89
996
1155
2037
1561
2235
1045
1433
845
1313
2078
437
2050
1992
382
1421
66
66
2101
1692
2174
711
1223
2075
1465
1062
1352
1062
1691
802
1628
1178
1223
2075
1465
1062
1352
1062
802
277
2037
1223
2075
1465
1062
1352
1062
945
2000
441
2146
1223
2075
1465
1062
1352
1062
952
2136
2145
444
263
957
2264
1547
1795
10
1795
1795
1795
10
1795
1795
1795
10
1795
1795
1795
10
2165
2118
2000
2146
105
681
1349
1240
1795
2000
2145
1489
1079
1489
2282
925
2054
17
76
564
2000
2053
10
744
1272
2000
681
1795
773
759
925
1487
2102
904
469
789
1933
845
568
2164
1844
845
108
1256
1329
1139
1313
657
1351
1584
1062
632
868
1853
60
762
1853
1822
378
1176
573
1717
1602
378
1223
2075
1465
1062
1352
1062
657
192
1223
2075
1465
1062
1352
1062
1943
2246
1401
1545
2103
1054
2101
2282
543
378
1223
2075
1465
1062
1352
1062
2309
1542
1027
1943
120
1176
1223
1176
2075
1176
1223
1176
2075
1176
1593
443
744
778
2312
911
443
2075
1176
1593
443
1916
537
2075
1176
1593
443
205
1952
1952
2075
1176
1593
443
1587
2224
1914
1914
1943
2269
2178
443
1243
1916
638
1812
443
1941
982
1078
443
1243
945
1070
1312
1281
665
1243
106
378
1062
378
1223
2075
1514
656
57
1804
1982
1844
845
108
845
2089
2101
1434
1574
1220
1401
2313
1223
2075
451
492
1691
2017
2223
1374
767
845
845
2044
1582
767
2223
2084
2132
2155
288
2223
1489
2282
478
767
2223
1120
631
711
1941
631
2223
2223
748
1868
2200
2223
1489
2077
2282
1641
1969
767
2223
547
767
2223
1097
767
2223
955
1582
767
2223
1489
1112
848
2184
1176
1022
767
2223
40
767
2223
1489
578
2132
750
1329
487
1933
1176
279
1765
1681
2106
1106
845
309
1623
1595
1969
1864
767
2223
1176
672
288
2223
205
378
1063
1022
1994
767
2223
767
2223
767
2223
1320
1624
1176
1533
737
1401
1396
2089
767
2223
1489
1583
845
1943
153
1489
288
1208
1112
44
937
1401
767
2223
1489
2104
1120
153
1489
288
1208
1112
44
1583
937
767
2223
2210
1946
2210
2164
288
2223
205
1844
1752
381
1409
171
643
1037
742
777
839
171
643
1059
1136
381
845
825
288
767
2223
1489
1513
1294
2223
1245
141
1943
1190
925
97
643
2282
1262
1844
1933
1239
845
209
1583
97
767
2223
23
2135
1943
1729
520
2125
1018
2223
748
1113
1176
402
1674
767
2223
2132
1583
97
767
2223
1489
915
2223
748
1336
2082
535
2164
1830
1489
1718
578
2132
631
2132
288
2223
1489
2153
2223
1489
1489
1718
866
1374
2223
273
868
1489
631
2223
1489
1488
2125
1018
2223
748
1894
845
2270
1336
161
2020
2223
748
1752
2003
1933
1239
845
2025
378
489
535
1717
845
1658
1112
44
288
2282
1662
767
2223
1489
1258
767
2223
1691
2223
171
643
1402
1864
643
1657
998
1864
378
1382
820
1830
1489
631
2223
767
2223
1675
2153
2058
1616
1151
2115
535
773
1943
1943
288
870
767
2223
896
2274
1498
2223
620
1346
643
1691
2282
1077
319
548
1223
1748
2075
2063
1176
1564
1393
789
357
778
321
778
1740
963
1758
643
255
1876
1035
1941
2106
1616
1252
245
381
96
1142
1828
443
1223
2075
1465
1062
1352
1062
178
1794
1223
2075
1465
1062
1352
1062
1077
443
773
1407
1884
939
1220
440
1884
1103
2112
2282
1208
2081
1247
925
1744
96
1142
443
1916
1272
312
10
537
321
443
1845
2282
1459
1574
643
654
289
1223
2075
1616
1948
1769
1171
314
2177
249
1247
548
1842
735
2098
548
1949
1322
1842
1271
566
794
543
168
945
2104
2117
1220
1474
1759
1777
1744
548
2200
1171
1223
1748
2075
2063
1176
1564
309
1206
314
778
1077
1077
204
1884
2075
1176
1139
204
1884
2075
1176
1139
2075
204
2075
204
2075
204
2202
2075
204
2075
204
1459
260
819
1459
819
1034
1059
1220
566
794
543
168
2075
1176
2075
1176
2075
1176
2075
1176
2075
1176
2075
1176
2075
1176
1297
2075
1176
1278
8
1238
1372
443
744
2075
1176
643
1744
2075
1176
1278
1220
1459
1171
1938
1230
410
1954
1732
2096
2075
1176
410
1954
1732
2096
204
1407
732
1223
1868
1795
811
1779
1953
659
1941
2241
314
659
1953
1321
1941
2241
314
2002
1868
1454
1077
2075
1176
1049
1006
583
517
901
364
254
402
517
869
971
254
505
1954
254
1489
14
1243
443
2164
1868
254
402
254
1868
1048
2241
564
1868
443
2241
564
638
564
1868
1007
1899
254
402
254
402
564
1868
254
564
1868
1401
2075
1176
254
1868
2058
2075
1176
443
533
443
1180
2210
2075
1176
1234
537
443
1180
2210
2075
1176
2127
443
1180
2210
2075
1176
2127
254
402
2075
1176
254
2075
1176
254
402
732
254
732
1401
1984
2075
1176
1049
1006
583
254
517
869
791
364
53
1842
735
2098
1564
53
1321
1407
204
2195
998
2195
443
1632
168
1472
1176
168
638
306
1679
638
521
548
638
2075
1176
1677
638
2075
1176
1054
1448
2234
638
2075
1176
1396
638
2075
1176
253
2300
1396
638
2075
1176
2080
2066
2101
638
2075
1176
253
2101
638
2075
1176
1054
1448
2007
638
2075
1176
2145
1396
1884
638
2075
1176
1593
2101
638
2075
1176
1131
2042
2300
638
2075
1176
1278
638
2075
1176
1879
638
2075
1176
1054
1448
1884
2239
638
2075
1176
974
638
2075
1176
1054
1448
638
1176
638
1176
638
1176
1096
638
1176
638
2075
1176
2300
638
2075
1176
558
2146
1276
2101
638
2075
1176
819
2101
638
2075
1176
2101
638
2075
1176
1659
138
638
2075
1176
974
1884
638
2075
1176
601
2145
638
2075
1176
1562
1659
638
2075
1176
1825
858
1659
1984
638
2075
1176
1659
667
638
2075
1176
1335
638
2075
1176
1234
2300
638
2075
1176
638
2075
1176
465
1795
2066
638
2075
1176
2241
1049
638
2075
1176
1199
638
2075
1176
2101
638
2075
1176
2020
1977
2042
2101
638
2075
1176
28
1795
1276
638
2075
1176
1613
2020
638
2075
1176
2020
638
2075
1176
1884
638
2075
1176
1049
638
2075
1176
638
2075
1176
253
2255
2300
638
2075
1176
253
296
2101
638
2075
1176
2235
1879
638
2075
1176
1884
2241
118
638
2075
1176
1022
2101
638
2075
1176
2241
118
638
2075
1176
819
638
2075
1176
1595
1969
638
2075
1176
1595
1969
2285
118
638
2075
1176
298
1145
638
2075
1176
723
638
2075
1176
638
2075
1176
744
638
2075
1176
638
2075
1176
171
1220
638
2075
1176
1795
638
2075
1176
1377
318
638
2075
1176
1278
334
638
2075
1176
1278
334
1525
638
2075
1176
171
1220
638
2075
1176
1278
638
2075
1176
318
638
638
1117
2075
1176
1677
638
793
1467
168
638
638
1102
2265
816
2265
638
1118
1272
2241
2066
2280
542
638
1118
1272
726
1816
638
1118
1272
2241
2066
638
1118
1272
2241
2042
1816
638
6
1096
535
816
638
1459
816
638
561
1859
1389
1770
1176
1176
1389
220
1117
881
1744
1389
220
1054
1252
1393
762
1854
1393
2075
1641
1176
1564
2075
1176
2075
1176
2075
1176
2178
1845
1301
1070
1309
305
1628
1864
378
1210
896
1180
513
1369
113
819
1421
2003
2234
1498
1480
2020
1927
1191
1480
160
560
549
513
492
249
217
646
646
513
750
513
1816
646
646
513
798
513
513
1480
130
912
2226
1717
410
557
15
1375
1939
839
1480
449
2236
217
1177
122
1278
1564
819
1135
513
1176
2048
1941
1749
1459
638
2075
1176
1593
541
819
1135
2075
1176
819
1135
638
2075
1176
1593
541
819
1135
2075
1176
819
1135
1611
2105
819
1884
2014
1842
735
2098
1139
1070
819
513
90
1864
541
819
1415
1717
1943
2075
1176
1593
513
513
1258
1369
2255
513
2274
1096
513
971
2075
1176
1593
513
1301
1135
2031
819
1135
2042
2075
1176
1593
800
2274
1262
1258
611
2075
1176
1593
541
1927
1047
1822
689
2073
819
1135
513
1180
2075
1176
1593
541
513
611
2164
2315
726
1542
638
819
1135
1489
267
1542
638
819
1135
1611
1489
444
1047
646
1135
1135
1135
620
870
2136
2075
1176
1593
541
2234
1927
1927
1927
794
1489
1897
1897
1489
1927
1927
750
41
724
1047
646
1652
1446
513
950
1941
819
1135
2075
1176
819
1135
778
1522
238
1941
819
1135
2075
1176
819
1135
1611
1864
1356
1749
1369
1070
881
1070
1043
513
1522
238
1698
75
1943
719
1492
1417
819
719
410
750
985
948
492
1864
719
1691
759
983
1235
971
560
97
1943
1584
1635
495
750
1421
249
378
1707
1493
1864
2316
1127
2282
1165
1844
845
1933
845
309
1864
1223
2075
1465
1062
1352
1062
1328
1713
1223
2075
1465
1062
1352
1062
1691
2000
421
396
678
643
1724
120
249
869
1758
1185
594
1298
6
113
681
1941
552
1064
1096
1298
762
2241
1810
1795
1779
1779
1758
146
882
1744
643
1695
76
1844
371
649
1763
845
1616
1235
1886
1864
1844
845
1223
2075
1220
574
750
2156
845
973
1864
48
2003
1754
2092
1943
845
1933
1382
1888
698
2220
643
1171
1386
714
174
1382
372
2075
1176
1400
417
444
2075
1176
1396
2241
2241
2075
1176
1400
1400
1852
2075
1176
1400
1400
759
698
372
2075
1176
1400
417
444
2075
1176
1396
2241
2241
2075
1176
1400
1400
1852
2075
1176
1400
1400
759
698
372
2075
1176
1400
417
1494
2075
1176
1396
2241
2241
1852
2075
1176
1400
1400
759
698
372
2075
1176
1400
417
1494
2075
1176
1396
2241
2241
1852
2075
1176
1400
1400
759
698
928
378
378
1062
378
1401
729
2020
1085
1097
1912
194
28
1844
845
108
1434
1574
1220
1401
2313
1223
2075
2067
845
1695
1624
1489
1112
406
1217
786
327
1217
1070
1602
1828
1602
1103
1171
1401
1139
2075
1176
55
731
2044
574
279
2141
1804
99
711
207
1176
153
1356
1943
2249
1481
2206
2149
643
1421
1238
1176
1624
1220
574
845
1220
1520
772
207
2309
185
1804
845
971
1176
1275
326
2106
2235
48
2144
290
1114
896
881
1570
436
1176
1396
1396
150
620
1481
1077
726
436
1176
1396
1396
1236
357
963
937
1176
2235
48
436
417
13
92
799
2112
2300
1498
1241
2000
14
1943
92
2075
1176
253
1139
2075
1176
1396
1131
2075
1176
1396
2241
1943
676
153
1236
576
2101
1888
480
1864
2282
508
2282
1248
1501
1054
1770
1243
1980
1176
2075
1176
253
750
122
2187
1243
2112
208
1501
2072
1054
2134
2130
1208
436
500
911
759
1864
2290
48
2102
418
760
357
1236
1740
601
436
576
1844
845
108
845
2102
1220
574
1864
1249
2291
1621
76
1864
213
257
1912
1806
1943
1844
2148
89
1885
600
1249
1404
1114
1176
545
545
2265
76
489
1523
1442
2029
2300
1602
491
1783
1943
2034
1090
1744
1498
1945
700
1945
113
353
1465
1248
748
1913
342
305
1630
520
862
762
2181
1933
845
1103
1574
643
996
564
997
1546
525
148
1097
1887
748
1006
2198
715
2146
1701
1176
1396
1961
155
310
498
748
1809
1640
1864
1249
1545
163
748
1809
1933
845
1691
1249
1574
643
724
748
1465
1858
1665
845
766
887
113
643
1208
365
996
1885
2206
2198
2003
1523
737
362
1325
1401
1630
750
307
520
1311
1830
952
391
996
1249
766
887
1500
845
396
1220
620
1176
773
2212
1231
996
365
2164
2241
2234
1744
1114
378
1210
1933
845
1691
1662
1864
1592
1446
2066
1886
97
1864
2173
789
402
1176
168
1884
465
1795
1150
1795
2066
1884
1884
939
402
1795
2066
1884
168
1884
1329
465
1795
1329
465
1795
2072
1884
1139
1329
1844
850
378
1062
1716
1744
99
1147
1413
702
99
1146
2053
1927
1421
259
393
300
2155
1101
1864
715
1047
632
430
996
715
249
597
564
1941
113
1176
2000
2212
353
1592
881
1602
1124
2191
643
620
614
643
1210
1864
53
1176
143
1355
582
1401
678
1070
1090
1090
621
1672
2299
410
381
1502
1672
974
2299
410
995
1672
1272
927
1844
1808
632
1272
876
749
2299
410
2282
1624
621
1794
1090
2282
307
1672
2299
410
1316
876
749
2299
410
1328
1691
1854
1176
594
2075
1564
1176
845
1334
1171
1401
1593
260
2164
1583
691
2021
2120
729
1844
845
2104
1220
194
28
1085
1097
1334
2104
374
1844
381
845
1844
2044
711
845
381
1854
1176
594
2075
1564
1176
845
2107
123
1884
1016
1864
678
1737
2174
1593
443
1884
197
320
2190
819
1361
1176
2171
2007
402
1916
402
1916
1668
2007
1593
443
123
123
14
2007
48
2007
2048
123
1884
2048
123
2048
1138
320
2064
819
767
204
819
2020
109
1394
1128
1593
443
1884
1836
1119
1312
2269
410
1593
443
1884
2048
535
609
700
1593
443
1593
443
1884
15
2020
1090
402
762
1070
1103
628
952
443
700
2209
217
1398
1287
1691
2282
1593
443
374
2011
320
2064
819
178
347
402
1223
2057
1853
1854
2258
823
1396
767
2064
819
1271
1864
1392
1960
15
643
845
1287
1048
837
326
994
1691
1176
946
555
1082
996
1661
123
2010
1537
143
155
326
1250
2125
955
155
2282
390
1828
713
1593
443
363
716
46
1070
2036
1031
2097
692
1849
1027
819
1652
217
2282
1172
1125
123
1884
402
1916
896
1223
1159
1070
108
1210
1223
2075
77
1864
2125
955
155
171
1119
2282
1172
1125
123
1884
402
1916
2211
1401
1593
443
1752
1176
858
1399
1223
138
361
402
1916
485
1864
575
1915
881
153
1212
1864
2155
1132
2206
1661
123
402
1916
2085
1593
443
1258
819
858
155
1312
2085
819
1854
2075
1176
2258
1564
2007
1593
443
767
1096
10
1854
2075
1176
2258
1564
2007
1593
443
767
1096
82
10
414
1069
153
402
1916
402
1608
618
2097
1971
1691
567
1768
2106
1753
2064
819
1176
1593
443
1884
1016
16
436
1137
1768
2278
1884
1979
579
89
358
1884
320
2064
819
1175
1271
1864
1392
573
1828
1176
502
318
861
2282
437
819
1361
217
1844
1808
399
24
1309
620
890
379
620
259
1041
97
2011
87
1309
262
1309
1543
168
409
637
1795
1480
1328
825
1201
911
1543
24
2104
1176
168
1884
911
1580
2101
168
1884
939
1624
1166
543
168
409
353
446
1437
2294
1943
1223
2075
1465
1062
1352
1062
113
1943
883
2282
1682
1941
1933
2282
1151
2115
492
1691
1210
750
925
1235
2112
66
1943
638
1135
819
2075
1176
2011
1641
1356
564
992
1749
1077
1135
819
2075
1176
1234
138
2075
1176
904
1452
797
1010
2075
1176
2075
1176
1234
1494
2075
1176
1234
1494
2075
1176
1234
2075
1176
2075
1176
1234
2210
1752
2312
2075
1176
1234
2210
2075
1176
1234
2075
1176
1234
2075
1176
1459
2075
1176
1459
450
352
1459
450
352
260
819
1459
450
352
1943
1844
477
1691
1550
1844
845
108
378
378
1223
2075
845
108
1223
2075
65
850
1933
1613
845
498
274
643
2164
846
82
1435
1090
1844
1157
845
108
1210
856
1513
2151
1546
1844
108
845
896
1888
249
1283
1404
331
772
2282
2267
1022
896
1309
1766
1372
923
113
1446
2137
138
1933
845
1982
1016
253
2255
998
2282
928
2121
378
1220
1223
2075
1602
483
393
2313
620
2075
961
845
643
710
1328
1062
2309
171
1592
1062
1278
1220
76
2007
1459
1459
1835
1804
1095
1220
998
1459
1322
1176
620
643
1223
2075
1052
1434
1407
2241
2228
2101
750
1541
2156
1844
1844
1808
378
1844
575
465
1077
485
1864
1122
1077
1059
864
2163
911
2075
1176
750
77
436
911
2075
1176
2075
1176
1525
731
750
418
2075
1176
2075
1176
1199
1394
731
2075
1223
2145
2075
2211
1122
2282
744
1864
566
99
1392
548
1593
1884
1991
731
1884
1561
1704
1235
731
1991
1593
1103
395
378
1707
2190
1938
1356
543
168
2007
1593
1844
759
2117
548
575
2075
1176
825
643
2096
1691
1208
2164
1489
643
816
564
845
1691
620
2164
1489
1199
564
1841
779
643
2164
845
845
498
1191
551
845
750
928
1822
1993
845
309
1864
1309
1854
2075
1252
1768
1416
1943
2072
907
1396
1394
2072
1447
2075
1176
1593
443
731
1394
1077
1077
1077
2011
2075
1176
1593
443
731
1394
260
907
2282
1548
1447
2075
1176
1593
443
1006
2075
1176
1593
443
1006
402
1943
2229
305
1016
1176
361
1593
443
1884
361
1864
1268
1764
320
1542
410
1138
320
2178
449
54
851
819
1542
1152
1542
2009
1542
2296
917
363
320
1894
1252
410
1176
1255
497
320
1894
1097
3
1691
1446
1518
410
1446
1152
858
1542
2300
1223
2057
1853
1062
963
1691
1864
1844
850
378
1223
2075
1465
1062
1352
1062
1844
845
2257
1176
1308
1933
845
1616
1521
171
262
1804
657
797
1261
1943
878
1298
2264
1096
912
1394
1525
2264
444
1328
1407
1943
1943
1261
389
1223
42
2024
1465
2057
2057
1853
1164
1918
1941
130
178
2002
826
1336
2260
1176
1888
1223
2184
799
141
378
1062
1261
235
1176
1943
2274
1223
2075
1261
1564
2075
1062
1352
1465
1337
1844
845
1223
2075
620
643
1223
2075
845
890
1086
1745
2017
890
1300
1571
1164
890
1086
1146
845
108
1844
1550
155
1691
108
1223
2075
1465
1062
1352
1062
1842
1590
155
1941
1092
1437
1571
1912
2212
310
1789
1842
881
1114
155
381
2025
584
750
178
1243
1601
584
402
735
911
616
1059
820
2136
190
120
249
1943
1927
2075
1176
508
2255
1243
1941
2145
314
1223
735
120
1725
1223
1452
120
1725
1223
1452
555
260
1941
2145
314
1223
735
120
1725
1223
1452
120
1725
1223
1452
2075
1176
2075
1176
2075
1176
2075
1176
2075
1176
508
2255
2075
1176
508
2255
1006
402
2075
1176
508
2255
1006
2047
508
537
1006
2255
2047
508
537
1006
2255
2047
508
537
1006
2255
2047
508
735
2255
1006
735
735
508
735
2255
1006
735
735
508
735
2255
1006
735
1459
735
508
2255
1006
1749
1459
1943
759
2011
508
1831
299
1884
911
535
2234
735
492
1691
1223
2075
1465
1062
1352
1062
1077
1941
805
76
963
378
1747
1789
925
2282
1251
492
1691
1223
2075
1465
1062
1352
1062
2300
1271
662
1986
309
1271
1356
508
1890
672
1546
2212
310
1459
2101
1310
2282
651
410
620
97
2297
2121
2173
1941
2145
2296
1513
1672
98
1243
2290
2198
2145
1986
820
305
1864
928
2135
1844
1808
845
309
318
2282
731
1262
1103
395
1278
911
2282
1262
1097
1281
1749
502
410
2102
2245
1853
2224
378
453
387
1675
1489
58
2068
961
1747
1459
1561
387
2003
1706
1880
2175
1423
2264
219
1795
1933
1795
990
822
1153
2269
1756
1795
2282
2154
1176
1073
1338
1795
2044
711
378
858
1159
1220
1798
785
643
316
219
681
744
2241
1701
1181
673
1223
2075
1465
1062
1352
1062
2112
1223
2075
1465
1062
1352
1062
1313
1299
1223
2075
1465
1062
1352
1062
2145
932
288
299
1096
1184
141
744
681
552
2120
2231
259
1229
1169
2241
2154
744
1018
169
2228
1272
744
720
399
2026
744
1854
2075
2026
744
1459
2031
2142
92
1223
2075
1465
1062
1352
1062
2095
2164
1223
2075
1465
1062
1352
1062
620
1223
2075
1465
1062
1352
1062
239
1223
2075
1465
1062
1352
1062
719
1223
2075
1465
1062
1352
1062
396
1092
552
2120
1223
2075
1465
1062
1352
1062
620
444
2211
78
2145
1972
932
1223
2075
1465
1062
1352
1062
1281
105
681
2241
681
744
681
1223
2075
1465
1062
1352
1062
620
765
643
328
219
681
744
1795
1120
1957
1616
733
564
205
1795
1087
2276
735
750
1864
2113
410
1844
901
2277
332
124
1139
1261
1139
440
1912
508
1884
440
508
2007
2109
1378
1756
773
508
2255
1223
1735
1054
508
508
2255
1394
1941
2106
1208
124
1394
504
586
508
2255
2007
253
896
1888
1593
124
1864
812
1122
1876
896
715
124
124
2101
2007
168
508
124
1884
1176
1122
526
253
2101
1884
1884
2102
984
2163
896
945
508
124
883
124
2101
1884
1876
896
715
124
124
2101
2007
168
508
124
1884
1176
1616
508
2255
124
2304
1271
1401
508
2255
1394
2009
1054
1511
761
1943
2292
260
729
729
1943
128
773
1943
1139
1139
1247
548
1842
735
2098
548
1949
1322
1394
508
2255
1394
1941
1938
1943
153
1335
1943
1139
1139
1247
548
1842
735
2098
548
1949
1322
1394
508
2255
1394
1077
2274
260
2282
48
1077
2274
729
2282
48
1943
1139
440
773
508
124
1271
1356
171
1220
1421
620
1372
643
1378
998
1943
379
729
379
260
1943
1854
2075
721
1176
1564
171
1220
767
1096
1655
1176
499
381
1593
124
253
1744
1139
124
1501
109
1664
2007
253
1943
2007
253
2199
436
448
1529
1664
1394
506
1529
1664
1394
508
2255
124
508
2255
124
508
2255
124
508
2255
124
1943
1844
1616
945
1139
883
1717
1854
1261
2075
2282
1261
1139
1933
1664
1132
845
928
745
1546
1261
440
1941
1060
1664
781
1261
928
1842
1271
1664
124
1800
781
1401
1933
1664
1132
564
2211
2282
2054
845
1132
508
124
2101
124
901
1854
508
2255
1421
124
2282
1336
2264
1239
1243
2282
2234
1393
815
548
124
1421
945
601
508
124
1328
1062
1329
171
1220
1062
403
921
659
1371
2300
441
1876
2029
1183
2234
735
2101
1884
1281
1010
1097
1401
1199
1912
2234
243
1840
100
2136
1982
1096
858
1010
2241
243
517
2154
667
1361
1916
2154
517
1899
1361
1884
67
505
1884
1139
1199
1010
1878
1199
1092
61
2075
1176
1199
1863
945
171
696
1884
548
2101
1884
521
1554
912
508
2255
1448
299
1176
735
508
97
2101
1884
1139
1687
168
937
1672
168
1132
113
2101
1884
1401
735
461
945
1186
2106
641
2101
1151
198
2241
637
2043
378
1220
1097
1975
2241
1427
2241
118
762
76
2146
378
1691
1223
2075
378
2017
381
1022
2146
805
2055
517
1864
48
1854
2075
1176
2055
1672
2055
517
1854
2075
1176
2055
1176
443
443
1231
510
443
1662
2057
1893
1854
1546
2075
1579
1176
2282
287
2055
517
2288
2145
1356
2288
2055
1854
1176
1176
2282
2156
961
2107
845
1854
2075
1176
2055
845
1165
2055
517
839
823
1564
1116
839
1243
2051
839
1917
1848
2224
1176
443
1672
2059
2055
517
1854
2075
1176
2055
378
1844
845
378
1223
2075
1465
1062
1352
1062
1943
1223
2075
489
504
1616
62
489
1742
436
1754
2244
2255
1394
1854
2244
885
1928
1394
1223
10
2075
1928
1394
815
1854
1943
2075
1928
1394
1223
1763
2140
885
1928
1394
1854
2075
1928
99
262
1943
2015
813
352
1585
2112
573
1278
2282
1054
1448
1223
1431
1054
1448
1744
1220
1421
2282
1457
1166
1679
1161
2262
1679
924
759
2289
1426
2104
911
911
1228
1943
1854
1943
1176
1103
1443
1182
1828
1278
2050
109
643
1828
99
1993
1223
707
1993
2156
1426
239
2259
2247
1228
2278
1679
1097
103
1176
1252
2003
1426
911
352
506
1473
352
1943
2075
1176
1127
1440
548
508
1378
1054
548
1951
548
773
1177
912
2075
2038
1884
1614
629
939
629
508
1077
1243
508
1717
1602
378
1223
2075
1465
1062
1352
1062
845
1864
1346
1819
108
1256
1846
845
1346
643
1210
1613
2260
260
1498
1868
2184
260
1498
1498
1565
1565
1565
1565
2075
1176
1276
479
2075
1176
748
2075
1176
748
2075
1176
2024
849
2164
2024
849
1841
2024
849
1841
260
849
2164
1841
2164
1566
1852
1006
1566
1852
1459
1566
1852
1006
1566
1074
730
1006
1566
1074
730
1006
1566
1074
730
1566
1566
1566
1566
1459
1566
679
1566
1566
2020
1566
730
1566
1459
508
1006
855
1459
508
1006
855
1459
508
1006
855
508
1006
855
508
1006
855
1459
508
1006
855
767
845
1616
443
638
1927
1027
2206
632
443
1243
1844
638
1070
1272
2075
1176
1070
2032
1090
1816
1595
1969
322
1768
1941
1070
1965
2042
1070
1280
1888
1595
1969
1888
322
1118
1070
502
2102
1090
1744
1816
460
1280
573
1768
719
1744
1816
1758
1602
1864
1153
1176
1641
1965
2042
138
1070
322
1434
1407
402
1090
1575
973
986
207
1583
1864
378
1843
2079
1407
1164
1672
2048
131
2271
275
938
1459
1098
1394
1917
1394
1917
938
938
938
2048
762
1864
2282
153
2271
750
1199
2113
1691
2282
2102
533
1070
762
2048
275
2107
1070
762
1798
1280
1090
322
1816
928
1969
2003
1118
1744
798
1816
896
2211
1150
2185
1070
2107
2271
2079
970
1032
1864
297
2102
1770
198
1513
308
1672
1696
97
1176
170
97
613
1816
1933
2076
845
1176
750
1165
1176
1726
283
459
1401
2263
1401
843
2282
121
317
1941
1875
2053
843
1698
1219
1062
1062
498
1176
1691
1875
2075
1176
1396
517
1097
378
378
1223
2075
253
1396
1884
1283
171
1220
574
1888
382
1578
353
24
673
1283
2300
1884
715
17
1027
2075
1176
253
1396
1283
2166
2038
2075
204
41
1283
1501
2072
204
1884
2075
1176
253
1396
1016
1938
1421
567
2007
1844
2075
1176
253
1396
1884
1888
2044
711
5
973
1884
206
1401
1155
1884
799
1613
2065
548
312
478
1800
178
1262
1468
2102
334
138
903
99
620
1220
97
76
141
138
790
2282
97
1139
378
1191
2000
701
756
2251
2081
963
681
2210
10
2000
701
1838
2136
55
1294
756
1055
438
185
1838
1256
2136
1382
2136
2000
701
1974
166
504
1559
911
723
73
508
1559
2000
2210
10
1176
2000
996
1065
434
1256
1866
1244
1210
2101
1269
847
6
1535
1176
774
315
6
2020
1595
1969
1643
2053
1535
1535
27
1535
2059
1328
1595
1969
1448
1210
883
185
1904
443
704
744
990
2047
170
443
2282
482
1176
482
407
1322
482
1176
1448
1103
118
620
2101
1223
2075
1691
986
229
2264
1820
1119
1613
1776
1888
976
2234
1820
744
1229
813
990
492
1691
1151
549
578
48
2066
2046
1501
1884
578
1830
40
128
773
138
1884
2242
48
1281
374
1884
1069
334
2113
1457
1884
578
713
1477
1849
1884
40
1884
578
662
1884
48
662
998
1177
326
2097
189
1943
662
2020
138
109
1884
201
1045
2107
1884
2048
48
378
2075
1176
253
296
2101
1546
861
1223
2075
1465
1062
1352
1062
620
1223
2075
1465
1062
1352
1062
2032
2000
2107
259
643
153
1297
519
1908
643
1518
1297
2020
1592
1864
1176
1844
1526
1309
259
643
1062
1220
963
998
113
157
138
1001
2075
1176
1884
2020
2145
2020
1434
1176
1916
1806
2267
1010
1010
2145
1882
1659
67
986
1176
1916
465
1010
998
1223
2075
1329
974
519
1020
6
2020
620
2064
1220
1223
2020
519
1669
643
459
97
2107
174
519
2020
6
2145
1804
353
1176
1328
643
750
2156
2107
1097
519
2206
2020
2145
378
1062
813
204
1139
974
1139
971
1602
2110
945
974
1394
1621
2044
711
1176
1880
2242
1176
1139
97
1437
1139
204
1743
1884
1139
974
1394
945
640
1139
1866
1026
1675
1744
1139
974
1884
1139
204
378
1223
2075
1465
1062
1352
1062
1323
959
1740
1864
1282
378
2137
517
748
2164
1165
1262
896
1717
1602
2003
2198
378
1210
1212
378
1641
896
1309
864
2164
1146
113
1891
750
925
537
1602
1707
1641
613
2023
1401
1783
1943
553
926
748
1498
28
1892
1022
1640
1272
1825
564
1892
1272
1435
1892
751
155
155
2234
1864
378
1176
845
1691
1808
1157
845
963
491
492
931
2301
1252
748
424
48
1210
533
657
2178
1756
440
1276
1096
1114
2300
1970
1941
1333
1481
1459
1884
77
1176
1191
962
1176
941
881
33
410
1798
1356
1756
998
113
2169
1401
1096
702
366
2241
1090
748
1563
28
1276
2206
928
1176
1400
1223
1176
2075
1703
2007
1400
945
129
1707
759
1952
1006
735
1077
2002
1756
1795
677
1454
1077
1176
260
2075
1176
1952
1324
1114
1707
759
1952
828
1324
166
2241
1031
750
615
1844
928
584
691
1613
1952
1552
1096
1854
1552
1421
2282
73
1176
1400
199
447
99
1309
1798
1077
88
977
113
1613
1952
1223
763
2019
2075
975
1176
566
1421
1613
1952
1134
845
54
1816
1189
1583
108
845
1062
1844
378
1210
378
1210
643
614
643
1210
1844
452
1271
378
267
2099
2003
1401
381
2181
1707
1972
508
1356
594
1943
1854
735
2186
767
2250
1803
735
735
1006
461
719
1323
1586
2104
945
1836
1323
798
918
929
896
2049
520
915
2102
1138
54
1977
1090
740
1790
801
2034
1864
2032
831
182
1555
1844
1047
928
2282
747
1971
946
1691
1139
508
886
1287
1672
2055
517
1854
2075
1176
2055
1176
2101
2164
2282
287
2055
517
2288
2145
1356
2288
2055
1854
1176
1176
2282
2156
961
2107
845
1854
2075
1176
2055
845
1165
2055
517
839
823
1564
1116
839
1243
2051
839
1917
1848
2224
1176
2101
2164
1844
2057
1893
378
1330
1324
1324
314
925
1864
573
2253
1844
381
845
715
1919
120
564
1577
1933
845
661
643
76
1967
858
872
2007
318
2029
1564
845
1016
1220
1429
1587
1837
998
1213
1669
643
996
845
399
945
839
1939
1943
1176
1698
1586
1690
509
932
784
1062
643
2118
1789
1842
769
1176
2102
564
2029
1139
620
643
344
1176
773
1888
1176
1958
1037
1176
2198
2229
1602
2107
675
1235
193
839
159
1346
1220
535
378
1223
2075
1465
1062
1352
1062
431
1436
2282
1355
171
1844
1409
1888
330
82
729
1658
748
1152
1090
858
858
2034
546
384
2164
1573
2107
2237
1355
155
1220
2282
1020
431
1436
378
1522
238
1223
2075
1522
238
2282
573
289
863
2048
2181
1744
1816
1312
1223
2075
960
319
1199
1691
2029
309
1616
1908
2151
378
125
946
1489
48
378
381
911
1396
1176
2003
767
1276
1421
2282
928
1574
643
643
1239
825
1794
183
928
1943
2241
1049
1884
1719
643
1239
825
1794
1844
1717
1220
574
1392
998
1854
1393
2075
1641
1176
1564
2075
1176
2075
1176
1278
2075
1176
1854
1393
2075
1641
1176
1564
2075
1176
2075
1176
1278
2075
1176
773
2151
1844
1717
2096
744
2057
378
1210
896
399
381
1884
99
1223
2075
1691
643
1844
1707
378
1210
378
1062
492
1691
2300
2212
911
417
2228
1845
1229
2228
2112
1306
1120
1846
2282
708
1366
1717
138
61
799
799
1035
2085
1568
911
1845
1229
2198
2282
1286
799
10
76
2282
1970
394
1377
2282
364
1306
2068
1310
750
825
1054
1448
1624
1120
312
1907
1463
1276
750
1265
97
820
1421
750
1071
893
1983
2228
1201
1120
1529
1448
1201
1229
1054
1448
1229
500
2199
1529
1501
773
1864
2202
1884
1329
2228
1201
1120
1529
1448
1201
1229
1054
1448
1229
500
2199
1529
1501
773
1529
1501
1229
825
168
1438
2087
1795
1529
1501
2171
1884
511
1394
858
1795
1529
1501
136
1394
1529
1501
2017
138
61
1272
1366
526
970
1634
309
1176
1941
1864
381
2160
1047
1854
2075
1598
1176
1176
1580
1672
2160
925
1487
945
1139
1054
1448
1070
1888
1424
1691
1223
2075
1465
1062
1352
1062
1845
2075
1176
1022
731
646
1884
1853
1015
327
410
2282
711
2107
2181
1575
1356
2181
2102
377
309
1717
819
1361
1941
819
475
1176
353
1927
717
549
1884
902
2066
579
2282
639
1022
1884
131
255
2189
1176
2189
1115
1943
620
1064
1220
485
1672
1528
2059
2055
517
1854
2075
1176
2055
1691
548
1854
1748
2075
1176
1748
1672
1528
2055
517
1854
2075
1176
2055
1176
1086
858
295
1762
1086
1304
1297
2241
1488
1242
1086
890
587
2211
427
1767
409
980
412
2075
1176
2075
1176
1825
2055
517
309
295
2282
287
2055
517
2288
2145
1356
2288
2055
1854
1528
1176
1176
2282
2156
961
2107
845
1854
2075
1176
2055
845
1165
2055
517
839
823
1564
1116
839
1243
2051
839
1917
2224
1176
1086
858
295
1844
845
108
1256
1329
1139
330
1543
1396
246
300
890
1658
1297
2241
1086
1602
1659
2117
1662
1943
1086
890
996
620
643
1140
1800
1176
925
928
2055
517
915
554
1844
562
1401
819
1298
948
1210
2260
1691
1446
2249
2164
1151
1971
436
48
831
2148
1844
845
108
1210
399
1446
750
1888
1943
2007
620
1428
387
378
1328
1223
2075
1438
1850
138
1272
552
2142
138
2282
1943
1850
1372
2300
1438
253
1766
552
1025
437
1155
2282
1837
858
1850
138
1272
1339
567
253
1396
1884
1139
2113
1766
1372
1149
2104
171
1220
574
1888
298
1555
963
1800
845
1176
845
1283
1396
731
171
1220
998
298
1283
1234
1434
1616
1864
1027
1943
378
120
249
508
1982
1888
2108
2000
1941
408
2116
291
1747
1382
2116
2102
2000
116
40
1830
504
2218
610
1892
2000
408
2154
2003
1941
1356
491
2057
789
822
40
1943
1677
1943
1661
1401
1855
2103
1661
672
584
784
378
1223
2075
1465
1062
1352
1062
1191
1401
1054
1884
1306
1941
22
620
767
750
1309
1054
1448
856
1925
331
1211
305
609
1039
789
1256
1860
1691
1223
2075
1465
1062
1352
1062
1798
1220
1733
1842
1100
1230
2282
925
1976
97
381
1691
2282
925
1976
97
381
1691
489
773
309
1864
878
1784
1842
1446
105
681
564
2282
573
681
2118
1916
2154
1220
76
1691
750
97
1864
1077
1243
2025
2025
845
108
1312
1223
2075
845
1062
443
1770
1941
314
443
1243
863
1575
1535
1941
1770
773
1607
316
949
410
2003
1575
1601
410
1518
1969
1933
120
778
1770
1243
314
443
1243
29
288
998
552
1208
259
2085
2003
571
410
1969
1933
120
1542
372
1243
753
443
1969
1744
443
1916
120
1542
778
844
2282
866
2058
1176
620
1574
640
643
1223
2075
1465
1062
1352
1062
1223
2075
1465
1062
1352
1062
620
2112
1928
1223
2075
1465
1062
1352
1062
1691
1810
2216
1223
2075
1465
1062
1352
1062
620
1223
2075
1465
1062
1352
1062
328
932
632
105
1223
2075
1465
1062
1352
1062
1616
2228
2144
314
2058
629
1223
2075
1465
1062
1352
1062
1810
2158
219
681
1223
2075
1465
1062
1352
1062
620
95
819
1361
2282
541
945
1798
502
639
1884
108
492
1691
1210
278
2241
1049
2296
2300
1501
952
762
1303
2271
2296
166
1864
199
1223
819
48
1151
311
1691
992
1176
1148
927
1805
401
992
502
2000
2146
567
861
511
567
1768
1628
2164
2246
1144
2188
1546
1616
1281
327
644
681
1768
402
279
99
153
908
2000
2146
1176
1148
1691
1864
1532
2000
2146
861
361
1854
2075
721
1176
1564
2007
767
2075
1176
1006
1386
2022
945
1864
1707
1798
1077
1564
489
549
961
1691
1623
500
1117
1941
1429
105
2000
953
314
963
1871
992
1176
1148
937
2146
105
2000
992
1176
1148
2016
2282
97
992
1604
1613
759
500
2234
992
1176
1148
773
992
2000
502
1148
2075
1176
1006
656
656
1498
564
2075
1176
952
1401
2075
1176
952
2241
2234
2000
992
1707
1793
1612
2161
1176
1255
1429
1283
2161
420
1675
611
131
2282
1536
535
1283
1735
564
131
1429
667
667
1273
1039
1254
2282
2161
131
1568
702
1199
654
1642
89
1999
517
265
99
191
2301
1907
1258
380
1570
2241
2146
702
25
349
858
1498
970
1230
1912
1258
91
1446
1975
667
378
2107
1176
1479
378
378
1223
2075
1465
1062
1352
1062
378
1062
648
1336
2020
1804
589
120
249
1804
643
620
1062
1864
378
1062
2107
1746
1939
1176
1062
67
108
242
1725
1191
67
352
2264
1210
378
620
2101
1223
2075
1434
1574
1220
1401
2313
1223
2075
1356
1297
2152
210
1176
1672
1489
1176
1825
2058
1804
1828
1804
566
99
1678
1854
2075
721
1176
1564
2007
1825
767
2075
1176
1825
1223
2075
1465
1062
1352
1062
465
1691
1223
2075
1465
1062
1352
1062
830
1092
1223
2075
1465
1062
1352
1062
1770
537
620
492
1691
2213
331
1951
48
492
1691
1252
1487
401
444
2133
327
1096
1480
1328
1139
1176
1400
1707
1898
2253
381
61
1234
1252
1864
2300
1234
1691
1139
786
1234
1884
523
1446
2241
1884
523
1131
2300
378
1210
1844
145
772
1844
1808
378
378
1223
2075
1465
1062
1352
1062
207
2185
1272
1626
1595
1969
1391
2172
1382
831
1626
1830
1595
1969
2179
999
798
1335
2106
1272
2282
2198
1744
1070
996
305
1626
1595
1969
955
1681
418
1298
1054
1585
945
1000
310
1694
1992
1006
96
1142
381
1262
1262
1139
1077
1823
1139
1830
232
1938
643
1474
1054
492
1691
1223
2075
1465
1062
1352
1062
2282
97
1468
1844
1550
1625
378
1943
2102
410
1836
2263
1062
548
911
1691
1844
1844
309
643
963
661
1223
1748
2075
2063
1176
1564
1393
789
357
778
643
1574
1223
1748
2075
2063
1176
1564
1393
789
357
778
1943
1407
1943
620
259
2178
2117
643
1459
1616
1338
2017
1986
2274
2282
1462
643
574
1156
1943
638
767
762
2011
638
767
762
2011
638
767
762
2011
638
767
2017
1986
2271
638
767
643
668
638
767
762
1150
2005
682
638
767
762
1150
715
621
2075
1176
1828
762
638
767
762
1150
2041
682
638
767
762
1150
2005
638
767
762
1150
715
621
2075
1176
1828
762
638
767
762
1150
2041
638
767
762
1150
2005
638
767
762
1150
715
621
2075
1176
1828
762
638
767
762
1150
2041
1943
1401
1794
1097
1923
1401
1967
657
1516
1784
1415
270
1844
1794
629
1943
638
767
1828
1401
1943
643
1059
1223
1748
2075
2063
1176
1564
1393
789
357
778
1926
443
1616
302
383
1943
2017
1986
2271
2271
2271
2271
1943
1329
1220
1734
2229
1144
1118
643
2271
1786
1223
2075
1223
2075
1844
2017
1037
1744
682
762
1744
2271
1691
1794
2282
2190
1223
1748
2075
2063
1176
1564
1393
789
357
778
1943
1943
709
1498
709
709
20
674
1943
1407
1090
674
2195
1494
1418
1223
2075
1465
1062
1352
1062
213
192
1223
2075
1465
1062
1352
1062
2300
1844
1123
1210
2102
2300
1191
1609
2064
138
1019
1038
61
833
1518
1749
1815
1281
1815
1749
638
2106
1176
952
2092
2282
1459
2255
1176
2092
567
1593
819
1135
138
477
164
632
138
858
1176
1900
473
258
2300
436
155
1472
1844
1691
1328
1223
2075
643
2282
1459
1199
1223
1287
1176
2075
1176
1616
269
1804
7
1804
1948
647
1027
1804
248
289
2003
305
1754
1943
1386
2022
1844
452
963
452
1903
1871
1616
318
620
510
1421
1522
238
1223
2075
1465
1062
1352
1062
356
1864
1083
1120
1903
1220
925
1487
789
2278
2271
1682
535
410
161
643
845
1206
101
363
643
2096
1943
1220
1459
1171
1938
1230
410
1954
1732
2096
2075
1176
643
410
1954
1732
2096
260
1645
732
1446
1223
1613
1407
2195
2195
2075
1176
643
907
2075
1176
643
1446
2075
1176
643
1446
2075
1176
643
907
802
1459
802
2075
1176
643
907
802
802
2075
1176
643
907
802
802
2075
1176
643
1943
1864
378
1223
2075
1465
1062
1352
1062
925
1864
1184
2282
934
1077
443
1176
1580
508
643
1529
1176
778
1077
1551
1580
1884
939
643
2282
1794
802
1628
1864
2282
1356
643
1935
643
508
1255
1176
1222
1580
2101
1884
939
2282
2150
731
395
1739
1933
309
548
1580
1229
961
845
1176
620
259
794
97
1918
1097
1625
1853
269
1245
2269
762
2061
275
458
275
275
1853
326
275
1853
2107
1226
762
2271
275
275
1853
1824
326
2282
131
958
1853
1513
275
1853
868
326
2282
948
1905
2208
1080
2037
279
559
1097
1846
269
1513
129
1487
1784
1396
2064
129
1176
1244
1853
1223
1243
378
1887
2064
1098
2107
824
1223
2075
1465
1062
1352
1062
1065
141
1223
2075
1465
1062
1352
1062
896
1789
1842
2282
1662
141
517
611
1077
141
673
1655
1077
1984
1283
1258
1655
1098
161
1845
1077
1243
1485
829
1077
1984
1058
2310
1358
2119
1845
1662
1258
2197
2282
686
1795
829
750
1331
1845
1077
141
1283
1283
1049
1077
1984
1446
1006
775
1845
1795
1321
526
452
1769
1077
1258
1336
1044
896
1830
1845
624
1165
489
1943
1662
2310
2310
945
286
620
1615
2310
1223
1176
2075
1703
1176
1234
694
725
2282
1691
1077
141
1714
444
1446
1986
2310
294
2111
2310
423
2111
2310
1180
1077
1984
1620
1283
444
1707
624
167
1180
2211
1033
826
1806
1575
1283
2282
1845
657
826
1271
1234
1884
2020
363
2310
28
750
1290
1231
1845
1180
1165
1537
829
996
1888
2029
305
1602
1975
1602
1602
750
490
1537
1097
517
869
2198
2178
326
1283
1258
535
1077
1941
1575
1258
2310
24
1283
161
643
945
286
97
1077
1984
1655
1909
1283
97
1208
1283
1446
1575
750
2310
1614
2234
1152
1245
680
829
1077
1984
1258
1943
1180
1077
341
611
161
826
1845
745
267
1165
829
829
1089
2059
374
2164
2181
2181
1744
1180
1165
1255
686
1795
507
1920
829
277
1176
767
1551
1234
2097
1446
2310
1358
611
2310
1118
799
310
1252
1446
1165
880
1264
1180
1165
829
1399
735
2057
1252
1446
1165
829
750
1281
1960
2310
1614
1176
2310
1614
2234
1744
2181
1077
1984
1258
1795
2082
1077
1984
1258
2281
1888
1258
1795
2082
1795
1077
1984
1923
657
1795
2251
1806
1234
1234
1882
1077
2310
2306
1044
750
665
657
1845
998
90
620
2300
1062
486
632
1184
309
318
1571
1853
2306
1691
108
1923
213
1691
1602
1298
1942
1489
1298
751
468
998
498
2241
205
632
643
468
808
1844
845
108
1864
550
67
1811
2053
550
1272
1120
2058
651
1281
1811
2053
131
1691
1077
316
1028
1852
1208
2146
67
831
1613
748
1498
28
831
402
490
2114
1943
974
2113
410
1223
2075
1465
1062
1352
1062
502
1020
246
185
1098
1223
2075
1465
1062
1352
1062
378
715
550
831
1272
381
131
2017
489
1997
434
488
2206
940
378
1223
2075
1465
1062
1352
1062
1844
845
108
1256
1329
1139
1583
489
378
1062
477
198
1616
1108
1336
2020
656
1432
161
1382
1596
2020
656
164
417
1336
1643
1707
1987
1707
1898
1941
2020
2035
1883
1864
925
1446
133
1202
763
1446
695
925
1926
1287
605
1546
410
2282
1671
1752
2101
1856
443
1546
1986
743
1223
1752
1223
493
2253
2282
1165
1864
2029
2300
2234
1479
2106
2064
750
24
1160
656
2059
576
428
2155
1675
327
656
255
517
1851
1252
2210
176
504
2053
656
327
1438
1658
2241
1049
1044
937
2020
656
1044
1049
2020
1620
2119
1049
1120
1455
423
1026
970
1342
1880
1895
1404
2044
711
1511
873
138
928
1844
608
1404
2211
635
517
1653
2020
656
2059
1404
1328
1941
1486
428
635
131
1010
1404
2211
1404
517
460
1010
1653
428
1404
1941
1653
428
1010
1707
1602
1090
279
573
447
99
1912
1864
380
428
2059
1637
378
1943
1707
1532
718
1223
684
852
2059
428
464
1962
825
1798
1267
1606
2203
576
1328
1404
198
1804
1232
1481
1404
397
783
785
1404
2049
1404
599
2129
1514
2241
1049
900
2029
2241
1049
2296
1401
2241
2146
397
877
410
2198
1804
1049
652
750
1212
2229
1744
2273
941
1044
656
1269
1571
2300
2081
2241
1049
1044
1269
2003
847
2241
1049
166
656
2263
1336
2020
2123
1000
1067
378
1000
1511
138
896
2044
711
750
1283
1672
2177
1465
1283
2241
2146
2282
1842
1100
154
2145
702
573
1943
1227
1287
1101
1864
1653
517
595
2120
269
138
1404
1283
1672
397
621
1176
1735
564
2100
1283
1672
1744
891
2181
289
2179
331
166
656
1795
1804
2053
1092
1401
656
1208
2053
1927
1404
1795
1329
1227
1287
1469
2120
1227
1010
1071
1795
2107
2100
1113
1071
1133
1404
928
2107
552
1885
1176
831
327
969
2241
2146
908
2282
576
1701
1450
2241
2120
2120
1635
1735
564
1176
1795
2215
1669
810
1543
2275
2104
750
423
1404
2241
1049
2241
1049
2234
2064
1006
138
143
1578
2241
1701
1401
2053
656
138
750
1404
1675
1888
2018
504
1735
932
1275
2064
138
2282
1281
1108
2020
2053
2241
1049
1830
657
1480
299
1814
656
656
2059
305
1800
656
1606
2164
517
588
2053
819
131
428
578
410
1372
2164
1798
1267
1606
2164
656
36
1101
1275
1401
2241
1049
1404
350
2020
131
428
1653
1010
327
656
1502
1561
2300
2029
1804
1481
1176
1168
656
620
1613
2300
1071
2107
2100
2282
750
437
1643
207
1404
2241
2146
1450
1635
1735
932
1283
2023
1283
1049
1624
1450
932
1112
378
1454
1332
1484
744
1474
1574
548
561
2075
1176
1400
2164
2075
1593
260
28
260
1498
693
1288
1208
1501
1724
266
750
41
2075
1176
1400
418
2112
436
816
932
1421
744
20
2282
1204
1137
928
1593
1593
418
699
20
1428
304
601
750
81
1844
1939
378
1223
2075
378
1223
2075
1465
1062
1352
1062
1139
2101
1329
750
1139
2096
316
1919
138
1986
1176
1329
2201
1070
2107
138
2107
1329
2164
2008
1176
2201
1070
1888
76
258
380
489
1176
429
2107
520
1091
138
1982
1329
1022
1941
1176
307
1164
1176
286
1941
258
2057
484
334
1986
138
1272
2107
2011
1139
1401
1139
1996
2282
1392
2226
1864
2190
896
2020
1329
1377
378
1062
1884
361
1176
2269
1564
2075
1176
1614
1884
385
1139
1117
1176
1564
925
2081
1239
1077
1564
957
1459
2169
1613
1952
1884
939
2113
402
1969
2075
1176
1756
2075
1176
2169
1613
1952
1489
2075
1176
2169
1613
1952
1957
1137
1778
1139
2075
1176
253
1139
2282
48
1196
2075
1223
123
2104
1602
2057
2253
1275
1176
1691
312
1275
1844
498
2234
1864
1574
1564
548
638
1854
1546
2075
1579
1176
2075
1176
2169
1613
1952
1884
538
1564
939
1176
762
538
318
1564
72
1176
1217
99
2003
2190
1864
378
1223
2075
1465
1062
1352
1062
1844
1893
378
965
1223
2075
1846
1223
2075
1672
2055
517
1854
2075
1176
2055
1176
1208
643
2284
583
643
373
1602
2284
583
1176
1400
2282
287
2055
517
2288
2145
1356
2288
2055
1854
1176
1176
2282
2156
961
2107
845
1854
2075
1176
2055
845
1165
2055
517
839
823
1564
1116
839
1243
2051
839
1917
1848
2224
1176
1208
643
2284
583
2021
28
1614
2055
1010
1658
643
119
1691
108
1256
1329
1139
845
1888
2064
2021
1614
28
1844
1672
2059
2055
517
1854
2075
1176
2055
1103
1546
1679
1031
1691
750
856
695
378
40
911
773
1223
2075
1465
1062
1352
1062
830
1543
1223
2075
1465
1062
1352
1062
620
95
2000
421
1943
1223
2075
1465
1062
1352
1062
378
2057
620
1795
1040
1844
2282
925
321
506
1795
822
1903
584
2003
2234
378
1844
1122
2064
2057
1893
2277
1122
1176
1844
928
2003
310
584
1267
249
1786
1176
2050
70
2007
759
1571
856
2007
1934
721
40
168
2101
1884
856
1513
601
695
113
1844
1808
1691
378
1637
1223
2075
1465
1062
1352
1062
1401
2106
1139
1802
1151
22
2007
70
1017
2101
1884
2106
155
2064
2057
1893
2277
378
1223
2075
1465
1062
1352
1062
2191
1245
1624
1119
1736
1259
2191
1176
321
845
2234
1413
1220
1401
1139
2075
1176
55
731
2044
643
1665
2075
1176
574
2075
1176
1698
2206
928
1223
732
443
1980
1243
2112
1643
1888
831
2212
82
1602
646
2159
153
520
380
1744
678
1220
626
2198
2142
845
299
1220
1616
1698
2206
928
1223
732
443
1980
1243
2112
2282
573
2278
1546
2198
1844
533
1048
1864
1844
1808
1864
1157
845
108
845
1256
1329
1210
929
643
374
82
748
82
925
1165
1864
309
1864
1844
1707
613
82
748
1407
584
945
1798
845
858
1210
1329
2164
2241
82
366
748
1698
620
1346
1220
2290
925
1165
996
1844
378
2282
731
249
2112
1715
2000
1795
2234
835
1223
1795
2217
1097
656
1661
1328
2217
1804
378
1223
2075
1465
1062
1352
1062
817
226
508
964
378
2137
82
99
1097
794
750
2001
443
526
1334
1938
1644
40
1319
1421
750
2001
443
372
443
638
399
2102
443
1916
372
1155
277
277
767
310
378
1210
1140
69
794
643
1684
231
1090
1105
41
798
1046
28
1
911
1738
1806
1377
1046
1114
1854
1699
1564
1197
1197
767
1145
2075
1176
253
296
2101
1546
861
378
1223
2075
1465
1062
1352
1062
620
97
1830
1616
169
1272
2058
2282
40
1795
822
1616
928
378
1223
2075
1465
1062
1352
1062
169
831
1076
640
2282
443
1368
453
1916
1205
449
173
1176
928
695
1844
1933
1756
1795
1146
1272
1840
1795
677
1103
1474
1943
260
450
1090
169
2075
1176
2075
1176
1943
845
2164
715
108
845
213
1888
1097
1013
2102
378
1210
378
1210
1401
1593
260
715
2000
2234
1268
1062
378
378
1854
2075
1465
1062
1352
1062
123
356
1735
1176
974
1394
1595
1096
2075
1176
974
1394
1354
845
65
845
108
1210
