638
1383
1692
984
972
638
321
984
751
1377
1699
1545
521
13
30
36
585
963
30
36
638
36
638
599
806
131
1348
638
963
1545
1807
518
1711
124
1771
136
333
881
418
1673
1500
306
770
383
1767
1545
1040
780
1471
44
257
1804
1258
1545
1537
962
1258
404
128
319
1545
870
44
287
596
121
121
446
44
1465
852
1276
121
446
1180
845
638
845
121
1332
1015
1175
1303
128
319
49
1109
44
1457
682
1628
413
1466
1644
128
1628
1628
413
219
1297
962
128
128
1628
413
128
493
1303
493
1332
1632
1628
413
1466
1644
128
1628
493
1383
96
682
662
128
883
96
682
662
128
128
883
1457
1332
1632
1628
413
1466
1644
128
1628
1332
1628
413
1466
1644
128
1628
128
1346
1807
225
1628
413
1810
1709
1074
1810
1628
1466
128
128
1807
1715
769
1675
682
1466
1644
128
1628
682
922
1628
413
679
662
1231
883
679
984
1623
679
1765
128
1346
323
1617
569
1457
1203
1539
1346
128
1502
1502
638
638
614
963
588
638
598
1538
638
493
808
128
665
1334
1533
601
883
352
682
904
946
682
1231
904
1545
1502
638
1502
419
1502
638
1545
81
638
493
598
638
741
62
1037
795
507
1670
493
81
1502
638
1502
419
1502
638
355
425
614
906
596
419
1284
1502
419
598
682
1663
1545
1545
598
1180
963
23
1180
1175
1175
493
1446
638
419
164
1175
1545
1457
682
1595
637
1029
1807
1715
208
1502
17
244
638
1457
1432
97
1285
958
1486
35
97
1021
676
41
1353
757
533
958
1754
533
958
958
362
715
395
613
1285
1011
1011
1210
483
1545
1011
1175
859
1210
483
1545
533
958
1000
744
1021
1011
859
1011
1210
483
1217
990
1356
447
369
507
1229
859
54
533
958
1807
596
1011
1537
859
1669
533
958
1639
715
1037
703
533
958
1469
1790
820
533
958
1383
1486
35
1644
128
49
1178
676
41
1002
618
958
1127
1073
122
958
1486
153
1669
533
676
958
533
958
533
454
937
1011
964
1440
1109
533
533
1440
1109
1332
1632
1628
413
1466
1644
128
1628
682
493
1732
270
638
507
1559
164
638
414
1698
1332
1628
413
1466
1644
128
1628
128
682
493
1732
751
55
1177
638
414
1807
225
1628
413
1810
1709
1074
1810
1628
1466
128
682
1807
1715
769
1675
682
1466
1644
128
1628
682
922
1628
413
679
662
1231
883
679
984
1623
679
955
1765
128
682
493
1732
751
55
1177
638
414
400
1628
413
1466
1644
128
1628
96
682
662
128
128
128
1457
1457
362
96
682
128
662
128
128
1786
1469
306
128
1709
1466
1629
1504
128
1590
1011
958
1153
507
883
1518
1109
1805
1011
938
128
744
741
193
102
984
1044
673
682
35
1807
1463
1630
539
1545
64
1770
1630
445
102
1679
1625
287
1807
1463
1660
110
1421
1147
1449
128
105
1787
1544
984
1044
673
257
1826
1406
984
128
1367
410
984
387
507
1826
1044
30
1807
1558
1807
1826
1430
1545
1558
1298
1180
1545
1788
105
1826
30
1180
1302
1807
128
1558
1449
621
1457
128
128
1807
1285
1016
1434
1457
682
306
677
682
1276
850
955
1636
128
699
128
507
1644
128
49
1721
1143
92
1531
62
1649
433
962
128
1644
885
1539
682
906
507
409
1585
1595
1585
1585
1352
793
1346
682
96
1628
413
1346
1466
1644
128
1628
306
392
1469
128
306
333
1005
1121
962
1415
410
1121
644
1044
1821
588
413
1807
663
333
413
1424
912
962
1010
413
1807
663
333
413
1424
773
413
1424
773
912
1821
1044
1121
410
1821
115
1807
457
410
984
479
1596
1629
128
1346
1605
850
421
1135
679
378
1346
913
96
682
662
128
128
128
1786
586
904
463
582
621
586
904
1449
1807
813
1346
1074
507
128
586
507
1483
1457
1539
378
507
744
1059
1545
1545
484
984
82
484
984
1545
128
1298
1821
984
1807
984
1788
836
1709
1466
1709
1644
1425
387
1545
817
663
30
984
984
358
239
597
1469
1807
306
1279
527
984
1425
128
1243
1821
984
34
1469
325
659
1109
900
1110
239
597
1058
1110
1807
1058
239
597
1543
1109
984
1821
682
662
128
128
1786
1787
1430
56
1449
998
1346
1143
243
413
18
35
197
900
257
1044
1710
9
287
1044
65
1544
148
1383
49
548
731
128
866
1430
601
81
1457
1449
1356
117
866
465
82
30
1425
601
1527
367
9
410
484
984
82
484
984
1788
484
911
638
1332
1807
1754
1821
1826
984
1457
41
336
1425
56
82
30
323
1109
128
1539
904
128
1109
1332
1628
413
1466
1644
128
1628
128
1143
408
194
1469
1466
1219
1644
1244
128
1807
225
1628
413
1810
1709
1074
1810
1628
1466
128
128
1807
1715
769
1675
682
1466
1644
128
1628
682
922
1628
413
679
662
1231
883
679
984
1623
679
1765
1143
408
194
1469
96
682
1457
662
128
1786
1332
1632
1628
413
1466
1644
128
1628
1457
682
1441
859
128
1789
1500
1332
1632
1628
413
1466
1644
128
1628
400
1466
1644
128
1628
96
682
662
883
1457
1231
1469
306
1346
1521
1713
41
844
1469
41
128
51
1005
741
128
586
813
1346
1116
227
96
682
662
128
128
1786
1449
1807
1181
682
596
1807
502
1469
225
682
1628
413
682
1276
788
596
1109
306
679
1437
679
662
306
679
1437
1628
413
1457
973
185
1500
1425
1710
644
601
1332
52
1332
1632
1628
413
1466
1644
128
1628
96
682
128
662
128
128
1457
1304
1675
1304
682
1669
886
96
682
662
128
1786
1449
1173
1692
682
97
817
263
872
682
507
109
1545
1675
1545
638
1545
1559
1721
989
30
1333
886
36
49
30
906
400
49
319
962
1132
400
1132
400
1692
1132
1346
1271
1061
49
30
866
1285
533
1132
1778
30
1604
1132
1542
1675
930
30
1639
1778
1126
49
128
1658
1743
676
106
379
1011
1743
1117
676
1383
596
1175
1807
533
422
1400
1115
676
31
123
1151
963
30
963
962
128
1644
836
1604
128
1789
1644
128
963
889
963
721
693
1770
123
1151
1038
676
31
1109
1329
1180
356
889
1743
676
1477
1629
231
30
942
1128
9
803
832
231
859
942
30
1467
644
1807
1349
832
832
984
1553
984
942
30
1467
1788
1629
1156
1807
676
1446
850
1545
859
676
1545
1469
128
1669
676
682
688
1363
1217
1011
964
1139
573
1617
569
128
1545
817
205
1683
558
859
1644
128
49
676
1644
128
49
676
1644
128
49
676
1440
1644
128
49
676
1644
128
49
676
1644
128
49
676
1644
128
1644
128
1464
1644
128
1464
1644
128
1464
1644
128
1464
1545
1457
1432
770
1346
1392
729
1558
1298
1469
1346
662
1245
8
1346
883
975
706
1823
1277
333
1500
41
881
41
1346
1786
306
679
1455
1397
507
48
1600
1653
1669
6
48
1807
620
1629
807
1127
655
1028
566
982
1156
20
1109
962
496
541
1089
566
962
222
1653
222
1106
205
1432
1175
566
660
1545
1397
507
1545
1545
1397
507
1545
1457
1432
163
643
1303
128
962
128
1110
1826
1500
601
194
1296
367
1807
1598
239
597
963
1545
1180
1480
962
959
1044
1180
1545
651
423
596
239
597
1632
679
378
1346
913
1457
1432
682
1449
1356
1673
651
423
596
239
597
1632
643
463
1807
530
237
239
597
1239
1807
29
409
423
596
1788
257
1629
128
96
682
662
128
128
1786
1457
493
1066
507
813
682
647
1384
1339
1545
1059
247
1545
1500
96
682
662
128
128
1786
1457
745
1066
957
493
1066
507
493
310
1066
682
596
1159
1469
682
1469
1029
1545
1683
1143
325
1620
325
1128
104
194
850
306
501
1143
325
1721
1545
325
1683
1143
1545
1457
1629
130
656
1545
1788
1332
1632
1628
413
1466
1644
128
1628
1332
1628
413
1466
1644
128
1628
128
128
138
198
1106
1494
1807
225
1628
413
1810
1709
1074
1810
1628
1466
128
128
1807
1715
769
1675
682
1466
1644
128
1628
682
922
1628
413
679
662
1231
883
679
984
1623
679
1765
128
128
138
198
1106
1494
1457
1432
1457
1432
915
96
682
662
128
1786
1457
1432
1457
1432
1629
287
1545
96
682
662
128
1786
1457
533
394
1807
547
41
81
1438
638
1449
1673
1325
773
418
463
45
533
1635
1430
394
1441
1132
1635
533
1635
1792
1346
1430
394
1109
1635
1132
1109
533
1635
1635
533
1635
1383
1430
394
128
1641
621
1792
1346
615
1430
588
533
1664
758
1383
1430
1635
1132
1109
1635
1430
394
1635
1654
1147
1115
1430
1383
1772
694
1635
1635
247
569
1799
135
135
946
1617
569
533
1664
1430
394
215
1430
394
475
1635
1049
1684
1469
765
1617
569
1535
533
1430
1664
1457
96
682
662
128
128
1786
1449
387
1545
257
477
1635
886
588
394
430
1545
895
1788
1807
99
1143
533
1298
1635
784
1096
1243
1109
659
1635
1807
1545
1635
638
1545
866
1298
1545
1545
1545
184
533
394
818
1402
333
1558
1115
1263
809
1449
1132
1109
1635
1430
394
638
1635
45
533
1635
1430
394
638
1635
1807
452
1743
533
1132
1635
1449
128
826
758
1303
1807
477
938
845
1430
394
1807
103
1635
1430
394
1132
1383
1334
1635
1788
1449
1457
208
99
1635
265
1445
1635
1635
886
1684
477
1383
1334
1635
1788
1059
1545
1635
886
1132
1807
1296
1545
1545
1604
886
533
1635
1109
1303
1635
81
1438
638
784
1567
886
533
1635
620
1383
1635
1109
1635
323
1430
588
1109
1772
533
1635
1801
1807
884
1430
533
1635
293
965
1298
1457
1457
1432
915
176
249
257
394
73
394
866
1721
394
850
117
647
500
1346
662
883
1466
1810
1644
577
128
1249
128
1810
679
1332
1632
1628
413
1466
1644
128
1628
1332
1628
413
1466
1644
128
1628
128
1807
225
1628
413
1810
1709
1074
1810
1628
1466
128
128
1807
1715
769
1675
682
1466
1644
128
1628
682
922
1628
413
679
662
1231
883
679
984
1623
679
1765
128
1536
493
507
1629
1457
1432
909
659
899
1545
104
1462
82
1175
587
1620
1620
104
1545
1544
1545
104
1462
82
1462
587
1620
104
1545
1457
1432
682
1457
1432
682
596
49
128
579
962
128
1644
1629
1437
883
1457
306
90
128
352
901
1669
128
741
757
128
904
1303
1807
1383
1438
1500
128
741
617
712
352
682
1449
1706
1346
1143
1143
1682
353
1507
1143
892
1455
326
1346
1143
1287
1545
1275
731
921
1601
1721
1002
1778
1507
1480
1507
1591
1544
1143
1478
735
170
1507
1544
1063
1507
1143
1682
982
427
1143
1682
692
1143
1507
1143
1497
337
1507
1480
339
921
881
1127
1303
49
1807
1567
1465
1002
360
82
1332
986
157
1755
1649
308
1669
1755
962
128
1644
1669
96
682
128
662
128
1457
323
1234
1383
1467
1428
938
1737
1466
938
1470
1244
208
757
1629
1737
922
597
1632
333
1046
136
757
239
1332
1632
1628
413
1466
1644
128
1628
1332
1628
413
1466
1644
128
1628
128
725
962
1826
1807
225
1628
413
1810
1709
1074
1810
1628
1466
128
128
1807
1715
769
1675
682
1466
1644
128
1628
682
922
1628
413
679
662
1231
883
679
984
1623
679
1765
128
725
962
1826
1358
808
1143
6
115
1544
1455
868
601
1446
486
809
1185
623
759
1358
1446
1449
1109
1059
1115
1580
1045
580
1036
1614
638
1787
580
1543
463
394
1570
325
963
963
1797
963
638
909
1058
1764
1580
1045
128
1275
1558
1824
1617
1718
829
1333
748
325
984
620
1718
1275
718
466
1629
1449
1457
484
741
1059
1545
1276
197
197
197
507
1250
1132
197
197
1359
1132
1764
798
1132
1250
394
638
638
1132
1132
1570
325
643
963
963
963
638
1797
963
638
909
49
49
1435
938
1807
1730
1244
814
1023
1244
586
1807
1058
1580
1045
814
1023
463
1275
1558
1275
1558
1824
1617
1718
829
1333
748
325
984
1109
247
1800
130
1164
436
257
466
281
1700
744
1672
1372
333
1807
1448
1109
1132
1764
146
1132
23
49
49
1435
938
1807
1730
1244
814
1023
1244
586
751
1244
1764
586
422
963
68
1417
1807
922
1807
1505
463
1545
1275
1558
96
682
128
662
128
128
1786
1457
387
1545
1015
128
524
115
1464
686
400
814
1807
1629
128
1807
454
110
1467
1617
1347
694
1546
643
1210
1807
848
1805
1588
1457
1432
1457
1432
682
1576
252
507
1807
49
1175
507
1807
49
1175
1605
1346
957
112
1587
1238
957
128
690
1346
109
1806
109
1699
1238
744
1545
561
561
289
1778
1445
1445
1445
1445
240
205
1017
1445
240
205
1017
1545
957
982
838
957
507
1807
49
1175
507
1807
49
1175
507
1807
49
1175
962
507
1807
49
1175
105
507
1807
49
1175
507
1807
49
1175
507
1807
49
1175
1686
507
1807
49
1175
1582
957
306
1636
1074
433
621
507
1221
731
255
128
1466
1644
128
1791
662
957
128
507
1644
128
1587
785
1457
434
1143
1682
682
1432
682
323
62
682
1143
1682
1049
1346
1209
1557
969
1021
1021
1074
51
1557
966
393
816
682
1004
1545
1472
699
128
618
1644
128
49
1673
520
504
1773
682
699
128
618
1644
128
49
840
699
128
618
1644
128
49
840
679
355
425
1493
1682
1545
1346
662
883
1466
1810
1644
577
128
1249
128
1810
679
96
682
662
128
128
1786
1482
79
30
993
1721
1807
1463
1795
1743
30
1457
1432
601
1428
128
682
128
662
128
128
1786
881
817
128
378
1346
310
308
1457
1755
440
854
850
243
394
1175
128
430
1455
9
904
953
809
962
1366
809
962
613
962
128
1644
1366
128
962
128
1644
1366
938
962
1366
809
962
1366
809
938
809
962
128
1644
1366
962
128
1644
1366
128
962
128
1644
1366
938
962
128
1644
1366
938
128
938
1721
357
1438
1467
44
962
1725
643
128
845
128
1467
128
962
128
1644
1366
938
128
1076
1770
402
1467
1710
1672
17
97
128
598
1710
128
1467
1488
128
128
463
1467
128
394
128
940
128
355
507
643
128
463
128
1618
1783
394
1462
1011
1175
859
1438
394
394
1467
394
809
741
360
82
1332
986
1426
1755
128
157
962
128
1644
219
340
962
128
1644
360
641
812
266
1649
1755
962
128
1644
1669
1807
99
1467
1807
343
44
1099
648
1036
696
394
65
850
817
809
1815
850
243
394
1175
128
262
394
838
175
205
685
809
1815
1669
809
1815
1669
1153
1808
1721
809
1815
1669
809
1815
1669
188
783
394
1807
99
333
378
1374
1545
323
1544
1011
1383
323
1128
946
622
1546
538
1113
596
273
40
1113
622
1608
1670
1011
748
1332
397
946
1113
1011
1383
1544
1128
946
622
1546
1332
1113
1796
1011
1383
622
1546
493
1332
622
1796
1332
919
40
1113
622
1608
1670
1545
96
682
662
128
128
1786
507
360
82
1332
340
1755
128
1338
1058
308
962
128
1644
1669
463
1109
1132
463
1074
909
463
1462
909
1480
99
480
909
1074
1741
1554
1299
1298
1480
400
1672
1266
1103
1103
698
503
1764
698
1710
866
1333
1109
1545
439
1545
618
1180
1462
1462
507
1462
1250
355
504
644
644
644
1480
1462
1462
325
1180
507
1764
507
413
507
1826
1103
30
947
1480
1250
507
984
1021
487
947
659
918
1021
572
1132
1462
507
144
1455
909
659
918
1462
909
1545
588
358
984
507
413
1764
1797
503
507
1826
1764
96
682
128
662
128
96
682
128
662
128
128
115
1640
731
493
567
294
1772
1269
1487
693
115
115
767
744
765
620
987
1066
507
819
1457
1432
479
1066
507
96
682
662
128
128
1786
1457
1066
507
1328
1629
507
463
54
413
108
962
1826
108
530
887
588
1539
416
507
1469
90
363
348
955
897
1353
310
360
82
1332
986
1755
96
682
128
662
128
128
1356
335
1778
1628
413
488
35
741
263
1346
620
99
962
1244
41
741
263
682
550
741
430
1455
1711
227
227
639
682
1457
682
1457
1432
682
531
596
1396
1611
333
1810
62
682
662
904
1457
1432
1449
1457
503
387
623
257
1356
975
97
117
1545
443
117
443
614
84
552
218
1545
621
588
1676
588
287
258
741
1356
463
1467
1086
622
816
1071
643
1071
1323
470
1438
643
1359
643
651
643
1424
1676
908
205
652
1271
523
596
984
1271
652
1615
614
622
614
1071
614
1071
616
614
616
990
596
523
596
463
1449
741
1755
1469
1356
1469
387
601
130
1683
1066
507
842
1353
1505
1455
1559
533
1367
35
909
1558
625
1175
427
1175
601
1544
1772
600
1611
1721
911
1438
218
253
1630
623
1406
355
303
1558
127
221
1071
643
838
1275
1132
1132
127
221
1071
643
829
817
1644
128
49
596
596
723
838
1320
838
1545
1644
128
49
596
596
723
838
1320
838
1545
1644
128
49
596
6
40
493
1066
507
1132
1298
838
1026
1006
1298
643
1303
1544
1296
1298
1807
1630
268
1558
643
1303
1296
1558
1807
1630
268
1175
1303
1303
24
1554
1807
247
1666
810
1772
1819
1332
1628
413
1466
1644
128
1628
128
477
1425
1710
644
1826
1807
225
1628
413
1810
1709
1074
1810
1628
1466
128
128
1807
1715
769
1675
682
1466
1644
128
1628
682
922
1628
413
679
662
1231
883
679
984
1623
679
1765
128
477
1425
1710
644
1826
400
1628
413
1466
1644
128
1628
682
128
662
128
128
1786
1457
1332
1632
1628
413
1466
1644
128
1628
1457
1432
1457
1500
128
938
938
1457
398
465
1346
257
1779
964
1467
1383
694
859
1383
1332
886
1467
486
1806
1721
1500
493
682
1500
271
1152
378
1346
463
601
1545
1132
394
115
643
1545
394
144
128
682
128
1807
1469
64
984
1044
30
855
1445
984
644
643
1545
962
1644
128
1629
115
1071
643
355
422
237
477
422
963
963
82
30
856
963
82
963
856
963
643
394
1644
128
1629
1454
1545
757
128
394
1721
1070
128
30
855
741
360
82
1332
986
496
1109
128
1649
962
128
1644
1669
962
128
1644
360
641
962
128
1644
219
340
1109
1807
76
1332
986
496
156
962
901
1412
1457
682
416
1001
881
1807
1346
1807
640
36
1710
1498
1346
463
306
225
883
1051
1276
1545
1644
128
49
1106
205
1180
205
1180
1545
1466
1644
128
679
493
788
596
1014
957
530
1115
946
788
596
957
793
1541
1545
1644
128
333
1551
1372
1665
205
1068
1538
691
984
509
1115
1644
128
49
1068
793
1644
128
49
1068
1644
128
49
1068
1644
128
49
1068
1644
128
49
1068
1644
128
49
1068
1644
128
507
1644
128
1644
128
333
1551
1372
1665
205
1068
1541
691
984
509
1115
1644
128
49
1068
793
1644
128
49
1068
1644
128
49
1068
1644
128
49
1068
1644
128
49
1068
1644
128
49
1068
1644
128
507
1644
128
1545
596
788
801
1770
788
957
1036
667
1770
788
1449
572
667
1770
788
513
1545
257
128
1807
1058
788
1538
1256
1770
788
596
99
667
110
1807
507
65
596
597
323
247
1058
601
759
1484
1545
596
1214
850
638
1214
850
638
1545
96
682
128
662
128
128
1109
1718
242
909
1522
962
128
1644
659
653
411
1755
128
853
411
865
500
411
144
411
962
128
1644
1504
1469
817
886
360
82
1332
986
1755
306
682
1807
109
41
682
252
1440
1629
266
1006
1694
575
1132
1041
139
1765
94
414
530
1322
486
548
267
588
1143
333
601
36
1565
578
1765
402
128
850
1570
96
682
662
128
1786
1457
1694
1176
611
1822
94
1147
177
866
49
402
1765
1440
1138
1694
1011
1132
96
682
662
128
1786
1539
682
128
306
1366
1509
942
110
1183
1710
1175
1011
744
128
1366
1807
1532
676
621
955
1383
462
1522
881
1691
1414
886
676
1175
1544
1423
1501
659
1028
1104
659
390
1172
754
1096
1625
102
698
110
699
621
507
1625
102
613
698
480
699
463
1635
1801
588
1132
1473
659
1028
1358
1430
554
1635
588
554
588
1485
760
1028
1358
1473
1604
859
1634
102
659
1028
1358
1455
649
1605
457
1046
1545
9
394
1644
1635
1467
1011
1175
1467
859
394
1467
44
962
128
643
1635
940
49
1467
1635
876
591
1545
501
1635
940
1545
9
394
1635
1545
931
694
102
49
1747
457
384
817
598
1544
257
1644
726
1544
676
1597
1778
1446
166
1737
793
65
809
598
1380
195
718
251
650
1689
182
1211
1455
1660
751
659
1028
1642
698
1664
1449
1457
1804
1276
1635
1469
128
958
491
1545
1807
128
1635
554
1722
1788
1729
1469
1276
274
1002
1006
1538
115
1492
1826
1377
1538
115
1449
1457
1748
1469
1500
601
741
946
773
601
461
1332
1823
1346
1788
493
957
576
1635
1457
400
1466
1219
1644
1244
243
533
1635
1175
1462
887
1570
910
1678
1469
709
718
958
1469
1084
128
1545
741
81
1449
1332
1092
1749
128
105
128
962
73
1322
1358
588
1567
1545
588
430
1358
659
1028
1462
180
1430
1598
659
1028
1826
984
1807
1500
344
128
463
128
1545
463
1467
394
1097
1438
1545
1097
1303
1807
413
1826
1630
659
1788
1449
1457
1755
910
1469
41
1130
1014
1827
1325
463
229
1544
533
1635
1807
378
507
128
586
84
1788
1356
1014
1325
463
1561
128
254
1539
1796
1
533
1635
1593
1671
628
1291
1684
167
1243
1689
1346
955
1446
184
698
533
1664
385
1539
85
1772
150
102
1684
551
1621
195
659
1028
1462
394
1467
598
394
1467
1768
940
394
1469
310
809
1807
741
1626
1827
741
1539
1796
99
832
533
1635
1325
463
764
1115
1544
533
1635
296
729
906
128
463
729
128
729
698
1464
520
1322
274
1002
128
463
1807
1383
867
1828
644
900
116
1132
644
967
867
962
128
1644
967
900
1522
962
128
1644
480
1428
219
82
962
501
1155
316
1346
962
1810
1644
577
128
679
662
962
1810
1644
577
128
679
128
962
1810
1644
577
128
679
128
96
682
662
128
1786
1319
306
749
1604
662
883
1469
306
1430
1756
1457
173
797
1193
306
1430
323
1629
1418
1488
1466
1430
1219
1268
876
1644
128
1430
621
1008
922
1063
88
1673
325
128
1457
1432
613
613
504
1807
1239
597
597
1543
1807
1572
1807
1239
984
1814
237
1165
1239
597
1807
507
850
384
306
197
1039
1403
128
859
1359
1670
128
1568
81
1558
128
1462
587
1620
751
1074
1500
1359
144
1372
1039
686
1548
927
450
1675
409
1775
463
197
1110
354
1775
1494
1807
806
1787
1775
1652
1541
811
1588
1494
197
1807
325
448
610
762
1588
752
1620
333
630
1575
333
1076
1359
871
1383
363
686
506
354
1775
1652
1541
197
686
1383
354
1775
1652
1541
197
686
874
197
131
1383
271
1110
401
735
1208
806
850
1110
838
930
620
1201
1468
1208
1541
1751
1755
425
303
355
493
197
686
506
1807
1749
69
1666
1457
96
682
128
662
128
128
1786
96
682
662
128
1786
96
682
662
128
128
1457
850
984
744
757
682
96
128
662
883
959
682
128
883
1457
1449
850
741
744
1788
1545
850
682
1123
946
81
129
1545
1783
30
963
963
638
638
30
30
1294
902
638
1545
1457
682
400
1066
507
771
1629
1539
682
1469
601
1250
507
1500
682
1539
1346
1469
96
682
662
128
1786
1457
1539
1066
957
1702
559
1238
96
682
662
128
128
1786
1604
955
1153
1720
1545
128
1153
1545
1457
1432
1169
287
962
473
1644
128
1644
128
1644
128
788
1084
1644
128
699
128
618
1644
128
49
1545
917
773
1374
123
128
287
403
1511
1109
125
1581
257
876
503
1644
128
699
128
618
1644
128
49
1356
1644
128
699
128
618
1644
128
49
30
963
503
257
503
333
503
1644
128
699
128
507
1644
128
49
1356
1644
128
699
128
507
1644
128
49
984
503
257
503
333
1374
1505
257
503
333
596
1231
310
687
1587
34
1545
1153
463
128
1153
563
1017
108
659
504
108
963
1175
1467
256
1608
146
1197
1779
894
1271
957
864
503
984
644
1383
1722
1545
503
1545
1084
1587
1706
1807
503
644
500
1383
1558
1545
1231
1363
387
1545
503
984
644
1807
81
984
676
1383
1722
1545
676
638
963
503
676
1545
306
128
679
682
662
128
128
1786
984
644
71
1430
1358
1464
306
1437
1786
1807
63
109
881
1469
41
128
883
1620
1346
128
1296
679
1466
1810
1644
577
128
1810
1346
430
138
128
507
456
977
1383
507
1644
962
1430
325
422
962
413
507
1449
785
854
355
1545
1214
1644
128
49
854
1545
257
144
333
1577
1545
425
1577
618
504
1558
854
1545
1500
128
463
659
1797
984
507
1276
1545
239
1297
429
1458
1297
1545
355
984
1492
984
1545
128
659
429
425
1577
854
618
504
1558
1545
1276
1764
129
1469
825
967
1197
1558
1136
1136
471
1250
1545
618
504
618
504
1250
239
618
504
1558
618
504
1250
239
618
504
1558
618
504
1545
128
1017
49
1807
36
1803
1153
1318
1017
976
1807
1621
849
414
859
1383
1500
128
744
36
859
1109
1608
36
1807
36
110
849
1626
1356
1432
1469
1674
1346
1457
1432
881
771
1006
1721
1787
1466
938
1338
938
1770
1628
938
1770
682
1569
96
682
128
662
128
128
1457
99
1383
1438
1617
1066
507
838
635
526
1469
1716
635
962
107
1716
1260
1412
643
1071
1558
1359
1071
643
1071
493
682
493
507
259
179
416
766
7
1455
96
682
662
128
306
1786
306
1457
1432
682
957
182
506
507
456
682
1238
662
1287
433
507
1284
527
1149
433
588
352
1792
682
552
769
682
662
128
883
360
82
1755
352
1649
35
103
1392
1545
360
82
1332
986
1755
355
109
771
1629
128
1704
1504
941
333
1332
986
360
82
715
1504
1457
1109
306
1469
1428
1796
1753
643
1796
1058
1753
538
9
663
506
1115
9
1058
9
1058
1565
596
9
493
187
81
596
30
681
487
638
596
638
596
638
596
9
96
682
662
128
128
1786
682
117
1644
128
49
1826
1644
128
49
596
92
979
892
734
1143
128
1110
49
1109
644
1545
9
1511
1511
1545
1110
596
1500
309
1469
49
1457
1755
1082
200
295
1319
1106
99
454
1797
651
867
434
1557
1770
1447
1754
1110
596
1500
454
226
659
666
1110
411
962
1544
337
1493
1143
411
1110
1107
115
996
662
682
1617
1106
1143
333
1323
123
128
49
1106
128
682
128
883
128
883
225
682
128
883
128
1529
687
1457
1432
881
870
1518
1332
1628
413
1466
1644
128
1628
128
1446
221
65
1132
568
1807
225
1628
413
1810
1709
1074
1810
1628
1466
128
128
1807
1715
769
1675
682
1466
1644
128
1628
682
922
1628
413
679
662
1231
883
679
984
1623
679
1765
128
1446
221
65
1132
568
1457
1332
1632
1628
413
1466
1644
128
1628
1457
400
1823
109
128
1457
398
1215
359
1346
128
1101
233
1308
679
1466
1810
1644
577
128
1810
866
1673
946
1303
1383
599
144
333
501
963
802
1764
1457
890
355
109
1424
1673
1457
1432
129
343
1807
370
1764
23
129
1522
1466
1644
1264
128
1275
1558
1457
1460
864
1494
700
104
1155
128
586
501
1737
1644
128
1644
128
586
9
1155
104
1155
138
128
104
1155
138
128
104
82
459
1644
1588
459
128
586
104
1650
1381
1650
399
1494
1644
1588
104
138
35
35
1494
1467
104
82
459
400
128
463
1253
1650
1494
1807
447
1650
138
333
339
1127
518
1494
716
1346
323
1494
1022
1225
109
346
1494
687
96
682
662
128
128
1786
1457
1432
1332
1632
1628
413
1466
1644
128
1628
1332
1628
413
1466
1644
128
1628
128
1314
580
1558
1132
793
1807
225
1628
413
1810
1709
1074
1810
1628
1466
128
662
1807
1715
769
1675
682
1466
1644
128
1628
682
922
1628
413
679
662
1231
883
679
984
1623
679
1765
128
1314
580
1558
1132
793
1332
1628
413
1466
1644
128
1628
128
1314
580
1558
1132
793
1807
225
1628
413
1810
1709
1074
1810
1628
1466
128
662
1807
1715
769
1675
682
1466
1644
128
1628
682
922
1628
413
679
662
1231
883
679
984
1623
679
1765
128
1314
580
1558
1132
793
1332
1632
1628
413
1466
1644
128
1628
310
698
1545
886
763
588
1430
676
1155
676
957
493
267
533
676
554
507
1238
1755
1426
306
957
493
838
507
817
676
598
96
682
128
662
883
1457
96
682
128
128
662
1786
1457
306
1457
682
883
1145
1267
662
679
883
1145
1267
128
679
883
1145
1267
128
679
644
965
128
463
128
710
984
644
477
886
1132
1807
99
644
1333
1298
1807
99
644
256
984
1132
323
1319
35
962
128
1644
99
962
1277
108
128
984
96
682
128
662
128
128
1786
1628
413
1466
1644
128
1628
741
1799
1183
214
679
1466
128
679
685
718
1706
1692
164
1706
236
1175
96
682
662
128
1786
1457
1539
682
252
1320
507
128
49
1628
413
1466
1644
128
1628
128
1442
1466
128
679
507
1346
1545
1419
755
1365
1711
1449
1036
1669
128
1693
1644
128
260
682
1204
128
904
1807
1106
311
1807
81
1807
1587
1669
1219
128
911
598
1108
287
1108
1604
507
598
598
598
1068
82
1464
598
414
682
1464
1068
343
1587
1669
1106
549
598
1108
1332
1015
769
682
128
904
1106
311
1807
1138
1449
1525
682
1036
1669
601
1106
1710
1527
1332
1015
1788
1449
1684
1826
1826
451
1545
1826
765
1383
463
877
362
333
324
35
128
376
1021
1356
278
1132
1322
274
1527
1807
128
1143
1775
1358
1807
1132
1040
128
376
1457
761
118
333
810
507
1368
1438
1565
463
1363
1545
1545
287
1356
1485
1565
1803
1454
1430
30
1826
638
638
1826
1503
1826
1430
1454
1044
1710
1565
1454
1322
115
1002
487
587
823
832
1356
928
115
463
962
35
643
1071
1438
1071
87
1356
756
1322
115
1778
1332
1826
587
56
1826
1587
1811
396
1710
218
1721
1449
1807
741
1807
1438
1296
598
591
1115
1826
54
1545
1826
609
1438
771
962
426
1457
128
1826
1511
598
1559
1109
70
598
1672
539
643
972
539
1545
1578
505
1438
1807
1826
598
691
1826
613
1674
1393
128
1531
1807
336
1826
128
617
183
617
128
1587
157
710
448
1807
1237
1155
678
1806
1033
1807
1333
52
12
1694
670
617
183
1160
1160
1224
52
901
1479
1422
1332
1220
850
1109
1303
1438
1132
289
1383
1438
469
1545
1002
463
683
1545
1276
1383
1438
1807
178
378
1297
157
223
904
684
1185
1303
1383
1438
128
1826
962
587
1266
1059
1545
1545
1826
962
1412
82
962
587
612
1826
1826
1826
1826
963
1826
1826
1545
157
792
1807
1755
1071
831
1174
1495
1673
1558
1298
10
49
49
10
415
171
1140
750
580
1544
141
49
1032
1787
1558
474
121
1132
1132
1132
1132
1180
30
963
1637
121
1132
1132
1438
1132
638
121
1132
1132
1132
638
1132
362
1545
946
1298
570
1117
1697
1298
821
984
963
1764
1140
702
367
580
784
1807
1567
1403
699
1295
128
1554
1153
128
1058
580
731
128
325
128
1807
741
863
1439
1298
1092
984
1764
1015
963
1142
1243
1298
1637
1764
963
1673
1298
1385
963
1764
822
1637
963
1637
1764
446
1764
1807
1446
325
1298
176
1109
1109
1593
962
128
1644
463
1403
741
360
82
1332
986
1755
1807
1058
1755
1669
1807
962
128
1644
1669
345
1140
1158
266
1006
1332
19
1024
36
1458
914
1383
963
701
794
1265
850
282
1458
601
1303
118
414
1325
1024
1788
96
682
662
128
128
1786
1066
507
1629
1655
1116
227
1346
870
1513
1123
306
1803
1721
82
1721
1721
946
638
638
1109
1123
1105
428
638
638
339
356
975
760
682
715
138
1819
376
752
1548
781
96
682
662
128
128
1786
1457
785
597
682
1159
1469
1721
543
1052
1585
1585
247
732
1469
1163
1066
957
463
1066
507
1544
1296
597
382
951
1207
512
1014
463
1544
1469
995
969
955
381
1770
106
194
1238
1066
378
1153
507
682
257
682
1346
904
904
530
769
682
1807
81
1788
681
1770
782
665
128
1016
923
641
558
542
500
904
493
1066
957
1649
96
682
662
128
128
1786
1457
1477
904
1512
1604
921
258
921
258
921
741
1500
507
1115
507
507
1036
1242
998
422
542
904
1803
422
542
946
558
638
647
875
558
493
1346
1066
507
679
1466
1810
1644
577
128
1810
679
42
507
1466
1644
128
1791
662
699
128
507
1644
128
128
1086
128
699
507
1617
866
603
1775
1298
1480
1797
984
128
463
1109
938
1469
128
975
291
1826
729
463
839
1494
209
729
904
9
1494
1494
1494
209
729
904
1494
744
1649
1449
1561
507
257
763
1494
1469
128
1469
138
128
463
9
80
905
1778
1494
1545
213
1467
213
1701
596
790
727
1452
957
104
108
527
80
904
1065
80
400
80
507
1494
1494
213
1545
1807
1494
644
367
1494
1807
946
1059
981
836
1494
1144
1272
255
9
1807
1545
1144
1644
836
1494
1144
907
643
907
845
932
932
845
1545
1807
744
128
463
1807
138
128
1017
128
240
333
679
306
679
1449
493
682
1466
1219
1644
1244
128
1675
676
1147
1531
507
676
1253
938
1642
1287
1539
682
128
310
957
1544
1270
1807
741
1755
1426
957
1702
1667
1807
946
957
576
1155
1445
1462
1287
1457
493
1127
1807
1034
682
1807
1690
507
901
1399
1727
356
1449
1457
398
465
1778
682
335
1469
306
203
1545
886
676
910
1455
291
516
203
1545
507
679
1807
682
1800
1449
1008
946
533
1737
1555
1635
262
1383
1155
1109
809
1457
1449
679
378
1346
128
662
128
611
1383
1155
1303
128
1807
1445
1737
1109
1430
588
1761
938
596
1807
946
1303
1155
1755
1383
1334
1737
1449
384
1469
1807
1364
1737
1383
1635
1807
1548
1788
682
1539
128
682
662
128
1457
96
682
662
128
128
1786
128
1807
81
1383
984
1469
128
96
682
662
1786
1457
1205
1504
1629
1745
596
49
1666
1749
572
343
276
866
1499
1807
554
49
124
1629
1819
1457
398
255
9
128
1249
1466
1644
128
1791
662
699
128
255
9
333
360
82
496
96
682
1332
1632
1628
413
1466
1644
128
1628
1332
1628
413
1466
1644
128
1628
128
1346
1757
1807
225
1628
413
1810
1709
1074
1810
1628
1466
128
128
1807
1715
769
1675
682
1466
1644
128
1628
682
922
1628
413
679
662
1231
883
679
984
1623
679
1765
128
1346
1757
682
96
682
662
128
128
1786
257
128
480
1469
679
682
913
1457
682
1807
2
284
287
1545
284
1449
904
682
1384
1788
682
323
96
682
662
128
1786
1457
1628
413
1346
1469
182
1066
507
1466
1644
128
1628
1807
1778
263
682
826
387
1545
614
1383
959
1807
36
622
221
856
1383
614
601
40
1615
622
959
175
1053
40
44
578
1028
610
959
1029
6
610
1600
614
1615
1600
614
1615
614
115
40
115
1644
128
49
614
1797
1644
128
49
614
422
1644
128
422
1644
128
237
1644
128
1644
128
237
422
1644
128
1443
422
1644
128
237
422
1644
128
237
422
1644
128
237
422
1644
128
237
422
1644
128
237
422
1644
128
49
1250
422
1644
128
237
422
1644
128
237
422
1644
128
1644
128
1644
128
1644
128
1644
128
1797
1644
128
1797
1644
128
1797
360
115
1600
685
1721
1600
685
1454
1600
685
1454
205
685
1721
1454
1721
1669
165
165
132
1669
1454
165
132
165
1454
1600
1358
287
1600
685
1721
1600
685
1454
1600
685
1454
205
685
1721
1454
1721
1669
1454
1669
1454
1669
1454
1669
1258
1016
1258
1258
1258
1258
962
115
1258
115
962
115
406
105
1016
406
105
406
105
588
1570
1016
406
105
1808
1016
406
105
588
519
406
105
588
1570
406
105
406
105
588
519
406
105
588
1570
406
105
588
1570
1016
406
105
588
1570
1016
406
105
588
1570
1016
406
105
588
1570
1016
406
105
588
588
1016
588
406
105
588
406
105
588
1425
406
105
588
1425
406
105
962
406
105
962
406
105
588
1016
406
105
1470
1016
406
105
1470
1153
406
105
659
406
105
659
1153
205
659
1153
659
817
1053
40
44
578
1028
610
959
1029
6
610
1053
1721
1053
1053
1053
40
1053
40
1053
674
40
674
1053
674
40
674
1600
614
1600
614
1600
614
1615
682
128
662
128
128
1786
240
1017
387
1545
1276
1462
1669
1548
1545
977
976
977
1462
1462
963
977
1462
963
977
1462
963
963
977
984
963
1462
413
977
1462
108
977
1462
1044
977
1545
1807
866
1462
240
1017
97
310
1276
240
1109
1462
757
308
405
824
109
343
70
1434
356
1434
356
309
1044
638
1303
19
1675
1446
1303
1186
243
65
70
1702
638
65
82
1807
1662
1303
1500
1721
1688
638
128
1044
36
70
309
1049
128
227
1755
190
222
962
128
1644
263
596
109
579
985
1807
1146
946
222
1544
682
1539
128
1466
1219
1644
1244
128
682
1428
1469
128
1755
1163
1353
128
308
244
441
1373
168
168
783
1568
1306
682
389
352
682
104
194
870
1239
237
1558
963
984
1114
922
682
593
597
1110
237
367
874
1239
1599
408
597
1110
1692
237
1239
1239
638
183
1816
120
99
1239
1707
1356
1744
1457
1432
682
96
682
662
128
128
1786
479
352
1617
102
334
682
662
128
1786
1457
1587
1540
306
109
1457
682
1332
1632
1628
413
1466
1644
128
1628
493
1066
957
493
228
108
1298
108
1383
400
1442
1466
128
403
108
757
816
1675
627
1810
1116
1625
596
71
676
108
910
1558
1628
533
108
128
984
1539
682
644
414
1714
1555
1430
697
30
859
1115
1689
501
287
1545
1500
1066
507
533
108
1669
96
682
128
662
1786
682
1558
1359
1359
1807
962
128
1644
1275
1558
52
1457
741
1587
757
35
1545
1558
1359
367
1703
202
310
35
1545
1558
1359
310
308
35
1545
864
1457
310
308
1346
850
96
682
662
128
1786
1457
963
866
676
1248
953
96
682
662
128
128
1786
1821
1737
493
89
1500
953
349
984
757
1545
769
953
886
984
644
886
953
644
1455
588
507
1008
588
1675
596
995
1012
1469
1083
1545
802
1501
181
791
596
164
1500
1408
533
1608
1332
622
959
449
221
456
829
1090
1359
1756
1058
551
723
6
1799
283
643
643
946
1608
422
1796
596
596
23
1765
596
643
355
315
128
643
643
596
643
477
463
1606
333
1796
312
688
1110
621
493
1110
533
1546
493
1110
1796
663
1110
91
463
825
493
1110
533
1546
823
1796
663
1110
91
550
1417
1457
1066
957
621
1231
596
1520
1670
534
1109
1558
854
49
1544
520
1132
845
622
1359
1071
643
1071
1071
1271
596
1175
1271
596
1050
1271
596
23
643
221
1670
596
1050
355
854
1332
1438
854
1558
596
1543
595
596
1008
596
1608
1709
1363
596
1709
1807
1608
1604
596
1558
596
1543
306
128
596
49
222
837
962
128
1644
785
854
1729
998
1021
1449
331
1109
1138
9
239
9
74
109
168
683
1488
1761
152
1063
1469
129
906
1763
92
1346
1469
1457
1788
604
9
904
953
680
333
1488
906
1184
1779
1713
1184
1779
128
1807
1325
9
462
164
1457
1449
1346
1469
1231
654
507
35
550
1346
63
1469
1807
507
35
1457
1788
1807
744
601
263
239
596
109
74
9
1683
604
744
239
718
1109
1426
680
1457
479
1014
586
252
847
770
1428
219
955
82
962
128
409
1132
35
1469
982
850
833
1769
825
967
643
994
1544
244
967
507
83
921
385
1066
507
1545
817
205
1764
1430
442
870
442
802
1430
1444
1430
1444
1644
128
49
1444
1644
128
49
422
1644
128
237
422
1545
1449
1605
1066
507
1807
35
1035
962
222
1653
222
290
1401
1740
1534
1545
817
205
1764
1430
442
870
442
802
1430
1444
1430
1444
1644
128
49
1444
1644
128
49
422
1644
128
237
422
1545
560
1134
47
1261
560
656
507
601
545
1807
36
1066
507
166
1035
47
845
507
530
1545
1144
836
47
1144
845
968
1438
845
1144
1545
146
1035
434
333
962
128
1764
1430
442
850
128
1298
507
166
1035
1074
1066
507
1644
128
1231
1449
527
1807
1153
1066
507
946
1449
1807
545
596
1074
1066
507
531
1457
117
1332
1632
1628
413
1466
1644
128
1628
1332
1628
413
1466
1644
128
1628
128
1066
957
1153
1021
98
561
850
1545
866
1251
850
984
1740
849
957
1153
1021
98
568
1807
225
1628
413
1810
1709
1074
1810
1628
1466
128
128
1807
1715
769
1675
682
1466
1644
128
1628
682
922
1628
413
679
662
1231
883
679
984
1623
679
1765
128
1066
957
1153
1021
98
561
850
1545
866
1251
850
984
1740
849
957
1153
1021
98
568
1346
1706
1074
1066
957
1412
1397
1109
836
845
1545
521
128
255
9
1144
836
47
1144
845
968
1401
1397
380
1401
1545
845
1144
1545
1457
996
1786
96
682
662
128
128
1786
501
1303
715
1807
595
1604
921
35
984
1044
9
984
355
981
1457
1432
1109
1210
1644
881
771
1296
128
601
49
507
1109
113
507
1109
113
478
1144
519
1056
845
1796
1132
928
911
638
1826
682
128
662
128
128
1786
1457
1222
1170
1737
1013
682
96
682
1231
128
1786
306
840
1466
1644
1047
556
1356
99
1194
741
1574
536
1706
128
49
1474
1356
500
1455
868
1778
170
1616
963
1367
1474
1558
1298
1558
881
1815
1778
170
1616
613
922
769
1558
1558
1625
873
1807
263
1796
1469
1545
1469
237
422
963
963
963
507
963
1021
1764
23
269
23
1180
1180
1021
1764
23
269
23
161
1458
1764
23
269
1764
23
269
1625
269
1764
65
1775
394
1467
128
962
128
1644
1366
938
128
1467
128
463
128
596
1770
643
128
507
128
463
128
463
128
197
131
128
422
940
128
463
128
52
1457
1432
881
1063
1275
1558
1819
866
814
1023
1807
1567
118
1117
1764
1449
1304
1008
682
128
662
128
883
1807
850
1153
957
128
883
96
682
662
128
128
1786
1539
507
1545
439
1545
1132
422
237
422
963
963
984
963
23
1266
1425
1710
644
1092
9
1425
1710
963
1545
1807
1035
1545
23
1545
507
456
367
128
410
984
1449
1304
1807
813
1469
1596
355
596
1074
507
1298
1446
946
984
1462
984
1770
402
128
419
984
597
1477
1466
128
1644
1554
1554
870
1078
1807
1645
741
1315
1252
856
120
601
696
1185
52
308
1466
128
1644
1554
857
1554
53
480
845
1742
120
1109
1252
1132
856
1283
962
128
1644
741
1788
741
308
1755
128
962
128
1644
1669
1823
290
308
1332
986
1755
96
682
128
662
128
128
1786
1457
1437
662
479
1713
1457
1755
729
799
1411
677
1673
1666
1469
1363
128
1544
190
507
1457
941
773
310
326
507
1332
1628
413
1466
1644
128
1628
128
1252
1135
506
98
1383
1449
1428
1466
1219
1644
1244
128
1807
225
1628
413
1810
1709
1074
1810
1628
1466
128
1346
128
1807
1715
769
1675
682
1466
1644
128
1628
682
922
1628
413
679
662
1231
883
679
984
1623
679
1765
252
128
1252
1135
506
98
1383
1807
1028
851
493
1799
222
1378
1252
1327
1383
98
310
1466
1644
128
1628
704
98
310
1466
1644
128
1628
550
1755
706
310
400
1466
1644
128
1628
507
1428
219
1469
881
507
227
479
1109
98
1014
1229
859
715
1014
1489
1066
507
464
1449
1632
1457
493
773
1127
1383
306
98
1014
1127
601
744
1181
310
1807
1437
1644
128
402
1545
98
638
638
1545
1545
98
638
98
98
1545
1485
1181
507
1089
965
1457
362
378
1346
1449
310
1025
507
98
1587
507
1807
1750
1305
921
1457
1332
1632
1628
413
1466
1644
128
1628
975
1629
41
1807
744
601
784
1457
1332
1628
413
1466
1644
128
1628
128
1089
507
1449
1428
1466
1219
1644
1244
128
1089
507
261
1469
550
965
1807
225
1628
413
1810
1709
1074
1810
1628
1466
128
507
128
1807
1715
769
1675
682
1466
1644
128
1628
682
922
1628
413
679
662
1231
883
679
984
1623
679
1765
507
1428
1346
128
1469
1457
620
487
638
204
128
400
1466
1644
128
1628
1332
1632
1628
413
1466
1644
128
1628
668
1545
257
1066
957
409
128
1462
1721
63
456
128
1462
613
1446
1778
128
1462
501
400
128
1462
1383
1127
1807
128
1462
325
128
1288
882
1539
659
1079
1332
1628
413
1466
1644
128
1628
128
1346
162
972
1093
568
1807
225
1628
413
1810
1709
1074
1810
1628
1466
128
128
1807
1715
769
1675
682
1466
1644
128
1628
682
922
1628
413
679
662
1231
883
679
984
1623
679
1765
128
1346
162
972
1093
568
1332
1632
1628
413
1466
1644
128
1628
1457
370
1185
1143
910
1336
963
83
1666
1092
1212
952
741
1799
1721
373
403
1807
194
963
1710
1545
911
720
963
817
1408
1280
633
128
1273
1094
744
1352
194
1233
1710
325
837
1063
194
216
510
1710
1710
638
1544
817
1240
1710
1545
1092
1807
963
1598
1449
1152
1383
1092
1462
1640
1466
1644
128
1791
662
699
128
618
1644
128
49
60
128
1063
1469
384
289
656
665
1640
244
1466
1219
1244
1567
1640
1295
128
100
1469
1719
1310
1457
1383
1092
1462
1640
384
1469
928
659
1362
1445
928
394
1721
378
744
378
325
1445
1161
1341
115
1002
1788
52
1755
1363
602
128
1449
1807
309
1383
659
1558
1109
1567
128
1469
128
63
1469
103
1721
524
1092
1807
861
128
1462
963
1788
434
928
659
1362
434
501
429
463
1092
1807
1567
463
128
1363
128
963
1092
1061
998
49
1554
1153
1494
1640
128
1518
429
601
928
659
128
463
1755
128
805
1807
1445
128
463
1748
440
854
601
1383
1778
613
1722
1445
49
1558
400
128
44
1469
1449
679
682
128
128
662
883
1807
813
421
682
128
1545
1709
1109
741
157
1788
128
35
1782
932
1807
1469
769
221
1527
1545
193
1446
193
1491
962
1462
962
962
1545
881
1438
831
962
222
1653
1106
519
1676
205
1180
682
96
682
662
128
128
1786
310
308
493
343
950
1066
507
1469
1539
978
1066
507
525
610
1074
1653
1066
507
982
1500
1198
373
534
1710
866
1198
1710
545
1469
1434
1457
1432
682
493
682
596
1666
1469
682
624
1434
1109
1585
629
1062
1539
1066
507
1344
128
1789
729
1163
1793
1109
1653
1585
73
1392
1066
507
1561
507
1346
1653
1469
629
621
1807
1332
986
1332
360
82
1426
1755
962
128
1644
219
340
962
128
1644
1669
1449
1457
1715
99
81
1620
1721
1593
1807
1601
1721
325
1033
1002
1002
1479
1620
1383
643
1002
1199
187
927
1153
128
1462
1593
1136
1703
1153
128
1462
344
1620
1408
197
562
1627
494
562
494
910
1199
187
1208
1457
1432
915
682
1050
1545
1455
1066
957
1319
1403
497
204
197
463
114
1110
1340
394
1721
1457
682
96
662
1786
824
889
1175
52
679
984
8
1055
1628
413
217
1332
1632
1628
413
1466
1644
128
1628
1332
1628
413
1466
1644
128
1628
128
1346
128
1346
1807
225
1628
413
1810
1709
1074
1810
1628
1466
128
128
1807
1715
769
1675
682
1466
1644
128
1628
682
922
1628
413
679
662
1231
883
679
984
1623
679
1765
128
1346
493
1066
957
583
1729
425
854
1531
1115
355
1290
1649
741
360
82
1404
866
243
844
617
1731
1531
308
1755
1669
962
128
1644
1669
1469
1109
1045
409
370
596
597
1403
1544
1307
1096
779
124
779
1376
1560
1822
247
334
1544
1147
90
621
1469
1346
1786
1127
984
128
596
699
1544
1234
596
1175
1109
1021
596
1175
694
1467
866
1111
252
219
1670
1518
1040
1307
1036
1376
779
1457
546
1346
507
1469
881
1109
1307
128
881
707
712
1500
779
334
96
682
1231
128
128
1786
306
1342
1297
1764
49
1644
128
128
1676
1175
1297
49
1644
128
128
243
1764
49
1644
128
128
1109
1676
1764
49
1644
128
128
400
984
1438
638
638
638
638
1676
638
638
514
846
638
1764
11
643
1710
638
348
638
638
1633
1438
638
1425
638
638
638
23
676
1467
1438
1438
1438
96
1346
1807
1544
984
1142
1545
305
984
1142
1457
1432
1319
484
962
496
1644
128
1109
597
1332
1628
413
1466
1644
128
1628
128
70
1298
1450
723
723
1175
1449
1428
1466
1219
1644
1244
128
493
504
355
1803
1807
225
1628
413
1810
1709
1074
1810
1628
1466
128
1346
128
1807
1715
769
1675
682
1466
1644
128
1628
682
922
1628
413
679
662
1231
883
679
984
1623
679
1765
252
128
501
1271
504
1531
355
1803
1807
1015
128
1132
1015
984
644
1807
946
504
355
1332
8
723
644
400
1628
413
1466
1644
128
1628
1332
1632
1628
413
1466
1644
128
1628
1457
387
1427
1047
310
1051
716
617
712
81
1457
1432
744
682
957
682
1276
306
662
1807
1715
682
679
1457
1457
1587
432
699
644
1753
1094
437
622
682
1505
128
105
49
128
962
49
1527
1309
306
913
1649
622
644
962
1346
128
962
128
128
128
105
128
319
962
962
591
96
682
387
1494
1807
41
1276
96
682
128
662
128
128
1786
1457
682
1346
360
82
1332
986
1755
496
1644
128
1649
962
128
1644
360
641
962
128
1644
219
340
308
962
128
1644
480
323
854
237
1321
117
1346
662
741
81
920
586
393
1466
1709
1644
1425
1644
128
1644
128
586
765
601
99
129
1346
507
605
1191
128
792
507
391
1544
1500
1457
1545
1715
1437
1116
128
883
310
1346
904
1383
963
567
744
682
1477
1469
1284
41
1469
1363
679
1346
996
883
601
1626
52
507
1223
1030
1325
1091
709
78
128
52
1115
687
393
1732
1500
601
1269
715
682
1456
1672
90
222
17
1031
1438
389
1629
211
859
1457
1432
41
1469
1428
306
128
204
1407
356
1271
1401
1545
1407
205
30
356
1454
1221
356
583
30
1407
205
685
1358
356
1454
1221
356
583
1358
1721
346
1221
356
99
30
1221
356
99
1358
527
1545
306
679
1466
1810
1644
577
128
1810
128
1810
1558
1298
1109
1011
1802
1558
1383
1011
1092
1807
1058
1297
1175
1298
1011
1676
826
1011
1175
1298
821
1297
1558
808
32
1197
1012
128
49
1548
128
1797
984
987
1297
987
644
128
1475
360
82
1807
1469
122
463
1545
239
1458
1545
946
1303
49
527
1011
644
1303
643
1297
1175
1011
1036
1298
128
1298
128
662
883
744
128
49
1676
984
644
1558
1298
384
1469
49
128
1558
1298
984
644
1175
963
1175
256
1608
1446
1469
1558
1298
725
1558
1298
644
1175
1621
1297
984
644
866
963
1011
1066
507
1677
1346
1545
128
35
1326
944
362
1015
1094
1518
764
237
1569
1518
1595
1117
1595
1117
54
105
1670
1545
1276
1545
463
463
1518
1323
1743
1796
1676
463
463
596
1458
644
596
1472
1544
1234
1545
423
596
164
141
695
413
1118
407
910
1469
1706
128
1004
1004
870
1109
1807
1004
962
128
1644
1669
128
275
741
1755
1161
1014
128
716
1066
507
1271
1469
1333
128
1772
1066
1014
507
646
1106
765
775
109
386
1629
522
1272
151
1604
1545
1156
1629
1428
1500
1545
611
645
1652
984
1272
151
1629
1500
1545
185
745
386
1629
1127
590
712
1274
1346
1127
1161
901
1807
744
1457
1432
197
1298
1109
698
1469
319
172
1383
1467
1644
128
946
962
128
1644
1426
1620
1515
1544
1721
904
135
539
757
62
532
1742
946
62
532
66
66
66
946
1308
1272
1675
1370
955
1004
934
962
128
1644
128
1004
1109
1511
66
1457
1432
1109
866
910
524
123
9
312
243
620
1519
1077
1763
1713
1449
1469
332
1152
128
128
1016
92
1761
1518
1204
231
1763
1469
306
128
1788
1692
503
1539
1346
65
1761
525
539
957
957
654
682
596
1527
1500
493
843
866
3
1702
127
327
1779
1349
356
1696
1040
601
1749
1822
325
1779
1696
1344
9
1099
1331
124
601
946
16
508
356
1807
1602
1807
688
124
1016
1688
65
9
1761
1807
1715
1457
1788
493
1539
507
128
507
50
1238
507
527
306
1457
507
1457
1604
115
713
1109
904
128
910
144
115
713
1004
1457
682
1284
1449
157
128
275
705
688
9
1325
124
298
680
403
661
46
117
119
1761
1631
336
1354
1631
1604
124
1559
520
1759
856
827
239
249
482
1761
719
1631
1352
520
1518
1761
1354
1759
239
249
746
688
124
371
549
9
626
1752
1436
688
433
1029
1462
1425
1752
866
1246
1566
688
680
329
744
1807
717
688
124
1323
688
124
1788
1449
387
1545
886
83
1669
1763
1713
9
327
463
1669
9
333
389
1545
1250
325
1518
92
1068
36
1545
36
507
1807
36
1762
1545
92
1545
736
1115
312
220
1029
60
1207
1754
1796
1476
1077
1713
462
1077
1763
1713
124
682
1579
347
1087
1457
158
1518
1449
718
115
713
63
1469
741
1392
239
1458
1059
1763
1713
1779
1182
939
92
231
1763
1713
1779
1182
1799
1469
92
1585
1763
1713
1779
696
239
9
9
904
953
1175
1185
1185
786
786
1308
1014
1308
1175
1185
1185
786
786
1308
1014
1308
128
9
962
128
1644
1366
463
596
128
1518
643
1752
9
643
596
128
9
1518
463
1458
942
9
1175
1644
471
128
367
1469
306
904
962
1644
1356
1109
115
713
306
1004
741
138
682
1356
1426
1012
1219
92
542
1763
1713
243
9
1356
574
1346
1469
1356
1426
1669
128
471
962
115
1548
1195
80
1258
80
1258
80
1258
126
962
904
904
19
80
1258
710
90
19
90
1457
504
718
1020
1153
1430
128
1312
128
128
1737
621
524
1789
1737
244
1521
524
1789
524
128
728
1620
104
1155
1470
9
1155
104
1155
138
104
1155
138
128
850
442
867
601
325
1494
1644
128
128
1737
128
191
289
63
1494
840
1644
128
128
528
1494
1556
1644
733
831
1644
733
831
887
1705
368
1644
128
128
126
904
904
77
126
1644
733
831
368
1644
128
128
126
1644
128
49
962
904
904
77
126
1644
128
49
962
1644
128
128
962
126
904
904
77
126
1644
733
831
104
128
1202
962
1737
314
128
90
1786
1109
472
67
1092
1109
319
1558
448
319
904
429
1481
1807
333
1332
1628
413
1466
1644
128
1628
128
1608
17
1446
1807
225
1628
413
1810
1709
1074
1810
1628
1466
128
128
1807
1715
769
1675
682
1466
1644
128
1628
682
922
1628
413
679
662
1231
883
679
984
1623
679
1765
128
1608
17
1446
1392
729
1332
1632
1628
413
1466
1644
128
1628
1332
1628
413
1466
1644
128
1628
1346
128
289
1445
644
643
1466
1219
1644
1244
128
1449
1445
644
1109
598
1803
596
1109
845
154
682
870
611
1732
643
845
1466
128
1791
662
618
865
693
938
128
1462
9
60
1807
225
1628
413
1810
1709
1074
1810
1628
1466
128
128
662
1807
1715
769
1675
682
1466
1644
128
1628
682
922
1628
413
679
662
1231
883
679
984
1623
679
1765
1346
128
289
1445
644
643
1332
1632
1628
413
1466
1644
128
1628
493
322
1725
507
160
512
422
741
81
1628
1437
128
662
128
128
1786
1457
1628
1466
1644
128
1628
1167
128
1457
1807
922
1469
96
682
662
128
1786
1457
479
757
308
1737
310
310
1446
671
1002
408
1534
378
1346
1469
1646
963
613
601
1050
659
507
1604
972
266
725
850
1016
1625
659
990
1127
1449
1346
1469
963
601
1050
110
429
333
44
1469
306
817
128
938
507
128
507
314
1644
128
507
1644
128
507
1644
128
507
128
1795
99
128
741
943
1469
41
1457
1807
1323
586
1272
1807
757
308
251
850
897
817
1359
1444
1269
1190
1587
1426
147
1216
465
1192
37
1242
1516
308
308
1581
308
1612
1756
1593
1190
611
77
936
586
1516
308
1272
744
1516
308
906
876
586
1102
1457
781
306
1675
1287
308
320
507
1303
580
663
1087
729
507
982
1679
984
1764
984
663
187
456
984
729
1089
1087
822
287
580
822
15
659
899
1524
1723
1042
4
333
1166
822
111
14
601
1725
417
1733
333
300
499
695
1764
759
695
1807
1012
266
412
1796
1275
318
822
1796
1807
1446
928
918
1721
1561
507
596
1558
1611
1796
1520
318
1604
1545
128
1789
1319
1738
785
1807
454
741
360
82
1332
986
370
1755
962
128
1644
1669
1449
1332
922
239
597
945
422
1713
597
963
601
194
1431
463
984
1021
128
463
963
1002
463
657
963
384
1469
485
128
1788
682
662
128
128
1786
1449
1457
1168
835
62
1266
1684
1632
663
1807
454
1587
695
397
1235
1518
1628
413
128
1002
963
922
62
1469
817
922
30
239
597
1807
1632
943
239
597
36
30
1666
1469
1457
96
662
1332
1628
413
1466
1644
128
1628
128
757
355
580
1424
757
303
580
1225
830
1424
384
715
865
1074
1807
225
1628
413
1810
1709
1074
1810
1628
1466
128
128
1807
1715
769
1675
682
1466
1644
128
1628
682
922
1628
413
679
662
1231
883
679
984
1623
679
1765
128
757
355
580
1424
1332
1632
1628
413
1466
1644
128
1628
780
515
1044
1383
520
108
1708
1721
803
744
741
955
128
360
82
496
1721
1768
224
1768
859
1784
984
1044
1828
31
1283
1807
941
507
1545
1109
1271
1558
780
1241
741
1539
1457
1449
317
780
1177
658
1806
1177
803
1457
1109
1271
1558
780
1241
128
962
128
1644
1271
1558
780
1241
1804
1353
946
1303
1558
1657
1177
192
128
108
1558
1545
962
1644
128
1629
115
1071
1545
355
1194
1545
1629
504
963
1644
984
1044
1545
1807
108
1788
1558
326
1271
644
1539
1392
1096
1807
1457
1457
1432
687
935
596
1807
1396
1457
890
682
227
1332
1628
413
1466
1644
128
1628
1346
128
306
1469
671
1599
237
257
1807
225
1628
413
1810
1709
1074
1810
1628
1466
128
128
1807
1715
769
1675
682
1466
1644
128
1628
682
922
1628
413
679
662
1231
883
679
984
1623
679
1765
306
1469
671
1599
237
257
1457
1332
1632
1628
413
1466
1644
128
1628
1500
601
194
1171
742
898
1405
989
1469
1737
1737
1527
1819
1737
946
613
82
1223
723
1819
1357
1223
838
346
82
1737
239
239
742
1737
879
487
82
1737
946
1269
389
1545
82
82
82
946
1477
1545
82
82
1710
1357
1710
1180
1710
215
1802
109
1807
1544
122
1106
1807
194
1500
82
1737
82
1357
1737
1457
1545
82
1737
1155
82
1737
82
1737
1155
1545
569
99
149
1583
1500
1710
1544
1227
959
1500
1217
1583
1207
1500
682
1276
1469
885
1555
1200
1018
948
1106
49
165
958
352
682
552
306
1644
128
836
380
1706
1675
996
662
883
662
1346
1346
1466
1644
128
1628
1383
54
1807
65
1383
866
665
638
65
682
96
662
1786
81
1545
65
1383
1346
1514
96
682
662
128
128
1786
96
682
128
662
883
1457
1807
922
621
471
1807
1704
1513
111
1704
1609
984
202
119
330
302
232
202
119
330
691
1609
850
651
1609
1743
602
277
1794
1433
672
1526
1609
26
490
1433
672
1644
1765
616
128
1554
982
1764
1109
1466
1219
1644
1244
128
308
1144
1021
773
1071
773
128
1807
1626
957
456
662
922
1173
272
1807
1132
1764
611
110
1554
263
59
438
1778
325
1462
1068
525
1094
1279
1669
1778
456
1807
718
325
1462
501
1383
1775
1462
208
1545
984
1128
942
1787
1661
741
1404
1528
962
1704
1807
1626
957
456
662
922
1173
272
1807
333
552
1704
1513
111
1704
1609
984
202
119
330
302
232
202
119
330
691
1609
850
651
1609
1743
602
277
1794
1433
672
1526
1609
26
490
1433
672
1644
1765
1356
616
128
1554
982
1764
1109
1466
1219
1644
1244
128
308
1144
1021
773
1071
773
128
345
1008
1004
957
621
456
1066
507
1807
1004
1132
1764
611
110
1554
263
59
438
1778
325
1462
1068
525
1094
1279
1669
1778
456
1807
718
325
1462
501
1383
1775
1462
208
1545
984
1128
942
1787
1661
741
1404
1528
962
1704
345
1008
1004
957
621
456
1066
507
1807
1004
306
128
306
1510
1807
881
1040
936
866
941
829
81
1072
963
1558
664
1796
454
1117
663
1313
601
596
664
663
1127
596
1625
596
963
1455
1568
1248
507
1470
815
1718
1213
1704
622
610
507
1125
596
1396
418
1599
596
1396
998
1323
1040
596
1396
1040
1118
1712
1109
394
1807
1552
1346
1807
744
465
1778
682
1469
1545
679
651
461
1785
1413
1545
611
1323
1807
507
1181
682
804
128
240
49
845
128
904
128
904
240
904
240
904
1644
128
128
1017
904
904
414
1721
414
1545
1040
1721
240
1460
128
1807
240
904
507
1807
1073
1066
507
1392
729
1807
1469
153
1040
1271
1807
1271
1401
128
128
904
1807
81
1527
1428
500
1500
240
1271
963
628
9
70
394
394
940
1721
394
1523
9
394
394
906
1180
1180
380
1587
724
52
1236
529
1323
240
1271
996
1066
957
662
1807
1807
81
904
1066
507
1392
729
834
1469
351
128
904
128
904
240
904
240
904
128
904
128
904
240
904
240
904
1327
1271
729
220
849
1807
608
1109
1271
1356
1251
507
1469
1289
1469
144
1492
413
62
859
142
1428
382
240
128
252
1807
1127
352
1728
545
881
1545
1500
850
1570
535
49
128
765
1346
1302
850
1570
117
1541
850
282
620
454
975
1266
679
984
128
128
1332
1628
413
1466
1644
128
1628
128
493
1303
1807
225
1628
413
1810
1709
1074
1810
1628
1466
128
128
1807
1715
769
1675
682
1466
1644
128
1628
682
922
1628
413
679
662
1231
883
679
984
1623
679
1765
128
493
1303
679
1765
128
975
1355
119
749
1547
1469
1692
773
1008
1346
925
1780
1807
1463
922
1807
1539
507
1754
984
1814
1371
1124
1764
1132
1089
1371
1124
1764
1333
1457
741
1545
468
1675
539
1545
1545
402
27
1116
1545
1675
1469
252
1453
1617
1568
1670
479
1672
1545
468
1675
1545
1276
128
1383
643
367
1300
1302
850
1570
1545
1016
1371
1124
121
963
1770
1545
1383
643
963
1770
1807
477
1177
601
1302
850
1570
1016
1534
1371
1124
1132
1466
1644
128
1628
1628
413
1469
1466
1644
128
1628
957
456
1658
1132
984
1807
463
527
194
1431
128
594
984
1132
493
128
1807
850
1570
81
1109
850
866
1016
984
1332
1632
1628
413
1466
1644
128
1628
96
682
128
662
128
128
1457
306
128
128
662
128
308
214
938
1644
460
1741
1047
271
308
938
579
62
96
682
128
662
128
128
1786
1457
1304
1449
1304
1457
682
1743
644
679
445
1074
957
813
682
1788
1459
73
356
266
881
109
319
962
1298
922
1718
1718
922
962
644
62
1683
1413
81
780
1545
1383
922
644
1545
45
1011
963
644
866
372
346
1590
1109
319
962
1545
591
319
962
319
962
588
1545
591
1295
1718
922
962
108
128
588
266
319
962
1558
922
1718
413
1604
1545
922
1282
128
588
1282
1481
927
1672
379
128
1718
922
644
1481
128
588
1303
715
601
1730
1545
319
962
319
962
1438
1545
1356
886
1303
962
644
477
962
644
1718
922
922
1718
319
962
1298
96
682
662
128
1786
1358
413
1109
1718
1500
644
1718
922
1718
1358
1807
1545
319
962
1718
1481
319
962
1545
1778
571
463
1276
524
703
1469
128
669
205
35
765
35
306
128
41
128
869
1109
36
1710
859
643
1438
1457
1432
915
507
1629
1319
394
554
1807
553
876
101
161
1480
554
1469
1746
1480
210
832
1480
128
325
1746
128
865
411
1109
180
43
1327
128
1746
128
328
1154
1807
946
115
1545
1462
1480
1545
1480
1614
128
1592
325
128
1587
1778
1480
325
962
128
1644
1154
1127
866
909
325
180
43
866
323
1008
501
1480
1462
771
1614
1620
1109
809
620
1592
1462
1585
1409
81
1807
180
43
866
870
1109
180
43
1625
1585
1775
463
1094
1549
1555
1266
1346
1110
1807
81
530
1741
1132
49
1110
1538
249
962
128
1644
101
101
128
1642
1807
1522
962
128
1644
101
308
72
1746
1462
909
1462
325
613
180
43
1469
128
1469
774
594
1138
1105
104
67
1129
715
67
1109
67
971
1567
1210
297
1494
138
1109
960
866
1807
325
1531
1588
1620
1210
165
1588
128
90
67
1109
67
1353
1378
49
962
128
1644
394
49
49
1544
1054
1706
1807
275
1179
1545
574
49
1054
1333
1683
475
557
1137
339
49
1403
433
1545
1074
430
138
1644
1728
361
104
1728
433
1527
946
690
255
9
596
816
934
1008
1469
1778
1629
1504
1806
49
1054
862
255
9
1545
19
1494
1644
128
128
19
1494
1545
128
1494
1074
1346
1469
1350
1525
1545
1677
699
718
128
274
676
606
49
1175
49
718
1074
1109
654
128
1462
9
1654
115
1226
1074
1545
748
1359
325
297
832
1467
1644
128
1753
49
1545
1259
243
1154
497
718
1255
49
115
115
1074
128
841
785
49
137
128
1775
19
49
916
1238
1199
187
1152
518
1324
333
1758
1494
757
138
1644
476
962
1644
361
610
989
104
1644
1155
1545
165
1142
938
733
128
128
128
128
1202
105
128
105
1545
1350
105
128
105
433
1539
287
1728
908
104
1728
594
1138
1105
104
67
325
104
1452
325
281
623
104
1770
355
355
1115
921
959
383
806
300
921
1544
325
850
623
1545
817
1644
128
838
63
1132
665
1544
49
257
1369
1644
128
1644
128
128
1789
1644
128
1644
128
128
1789
1644
128
1464
1644
128
128
1789
1644
128
1644
128
128
1789
1644
128
1644
128
128
1789
1644
128
1464
1644
128
128
1789
1644
128
1464
1644
128
128
1789
1644
128
1464
1644
128
128
1789
1644
128
1464
1644
128
128
1789
1644
128
1464
1644
128
128
1789
1545
1469
1807
41
518
401
300
1403
271
1758
1075
1105
887
1545
1061
67
1138
1105
1545
325
860
1758
1075
887
1061
1153
962
507
962
588
622
507
269
1777
558
1826
1477
1489
1469
41
128
90
128
699
264
636
699
274
1494
314
77
115
1644
115
962
128
1644
1366
1644
128
49
1644
128
49
1644
128
49
1755
63
1460
128
1548
96
682
128
662
128
128
1786
116
1545
1710
1545
1604
1545
81
1322
1180
1710
310
1545
81
1322
1180
1180
65
1449
1346
177
333
1778
1807
398
1469
1109
1457
1130
22
177
1545
9
1271
1180
507
1271
1545
1173
1778
1469
259
682
1346
1469
662
128
128
1786
1469
1644
128
287
963
963
1180
287
963
1770
1180
1425
709
1571
1378
1356
1560
9
1770
1689
249
1469
1356
276
1346
9
1710
145
9
1571
1651
122
981
1346
1469
1544
148
953
1292
1469
607
1715
682
769
662
883
1539
682
1346
1089
1469
953
1219
1545
96
682
662
128
128
1786
1050
507
596
507
956
38
1449
1096
1500
507
1109
38
1545
81
1356
1050
507
1527
816
38
1545
631
1109
1825
956
38
493
38
1788
416
128
105
1550
1155
1588
696
938
1462
1004
346
881
1807
1469
1089
886
1467
463
1467
463
1467
1467
1617
463
1467
1545
643
1467
1545
257
1428
128
1545
1383
1467
463
1231
621
1807
81
1066
507
962
1644
949
1071
1156
949
621
1021
1500
1545
477
477
1630
643
355
1345
1068
850
1764
643
1467
376
1044
906
1068
36
1545
507
982
493
1545
492
1467
1617
500
659
1713
41
962
1467
682
128
662
128
128
1786
1346
1469
1457
1432
682
1066
507
817
1644
128
838
63
1132
665
638
1644
128
1644
128
1644
128
1464
1644
128
1644
128
1644
128
1464
1644
128
1464
1644
128
1464
1644
128
1464
1644
128
1464
1644
128
1464
1644
128
1464
1644
128
1464
1644
128
1464
1644
128
1464
1644
128
1464
1644
128
1464
817
205
205
1180
1180
205
1180
1180
1644
128
1644
128
1644
128
49
1644
128
49
1644
128
1644
128
352
1066
507
682
1457
1432
781
983
49
850
998
1778
1066
507
1469
525
1346
531
1467
463
1545
1250
325
422
1250
325
463
339
355
1545
1457
1432
128
1470
596
1760
1106
1807
128
1807
128
90
1303
1760
596
1743
866
1629
760
96
682
662
128
128
1786
1745
958
437
1367
75
683
1490
982
1544
984
691
982
850
205
1068
36
1044
984
1115
92
92
1337
92
1644
128
49
1068
793
1644
128
49
1068
1644
128
49
1068
1153
1644
128
49
1068
1644
128
49
1068
1644
128
49
1068
306
1800
387
1737
596
128
967
1538
1254
1470
752
128
967
1737
1644
1254
1470
1494
752
850
712
1274
1807
922
128
1004
1346
996
662
1437
128
1466
1810
1644
577
128
1249
128
1810
679
1807
433
1066
507
1392
729
1013
758
1774
987
434
175
1807
1774
1826
1332
128
1362
1466
1644
1430
1644
962
1430
260
1466
1644
1430
1644
962
1430
260
1445
1430
1675
886
1545
1545
757
308
1675
310
308
128
49
814
1353
962
128
1644
1710
1721
803
1545
1710
963
963
30
859
767
1545
1109
814
856
1710
89
491
247
81
856
73
1721
550
1417
1276
1332
1629
1545
1332
306
1469
1457
1713
333
491
1561
773
1677
1302
634
1312
1469
795
1593
1742
128
1081
394
1434
128
465
548
1644
128
237
440
854
926
1413
1545
1200
1281
1332
881
814
1346
1469
1457
1330
1469
104
194
741
1276
1545
157
398
1469
744
35
1466
128
209
1791
662
507
209
128
1807
35
1469
1587
1735
1644
128
963
1021
30
1180
1180
984
1180
1021
691
70
984
984
70
1021
1180
422
963
963
1180
984
963
1180
1021
691
70
984
984
70
1021
880
1469
952
1552
128
287
112
1469
1721
803
634
1710
963
963
814
814
767
838
795
1710
963
963
30
767
128
795
1469
1143
904
1644
128
1669
465
1690
660
1112
1724
1457
1389
530
1807
1807
1329
1416
254
1175
310
308
1466
1644
1264
128
198
1462
99
299
81
963
682
662
128
128
374
1469
1425
534
866
1425
1710
950
157
962
1425
534
644
1043
413
1826
1677
1545
394
1772
1425
534
99
1530
644
1807
95
394
1545
194
1292
1449
1544
1296
1115
430
124
1449
1587
157
301
1807
972
955
886
1266
1425
534
1807
1019
611
972
1817
1383
170
1689
1180
1327
1248
886
1425
534
910
186
343
128
1531
1567
393
1469
455
71
1425
534
128
108
247
1795
1587
1425
1710
247
1795
475
71
368
1684
954
1449
1826
1293
1545
30
1644
128
963
963
30
776
776
244
921
1136
1777
1826
1789
1826
1109
501
86
108
1425
534
709
1738
644
260
1174
108
1527
1826
984
1356
644
780
886
1425
534
569
886
1425
170
1820
1425
534
1044
613
1826
108
1383
644
1350
1545
108
89
493
1807
338
81
1446
1469
1390
258
921
1672
1777
128
885
1826
1109
886
676
260
170
260
644
1425
534
260
433
5
260
62
161
372
1826
30
1788
1425
1710
1271
780
1253
1648
886
62
1458
1425
1710
1383
962
1531
323
1807
1325
413
1425
1710
1425
534
1287
1322
463
108
1043
1048
984
1469
1578
1325
1554
413
1754
1770
780
1515
1089
1271
780
1356
921
921
1702
108
258
1558
1132
456
108
731
49
128
463
1807
256
1298
1132
1383
108
128
463
1567
921
1298
1132
1174
108
1069
1132
463
1539
972
1266
108
530
1132
49
463
108
1036
1543
463
1012
1647
572
1425
108
572
108
696
108
1131
1252
339
774
463
40
480
1034
108
1788
1457
632
1398
1807
1306
605
1469
615
1469
1109
206
1095
1277
108
1218
1069
174
35
1695
108
598
1180
30
644
1546
1545
239
1458
1545
1587
463
1545
105
962
1467
394
1467
1545
128
601
1621
1277
108
239
1530
962
108
1295
1489
239
744
8
108
1787
1298
1458
93
962
108
1298
1458
744
8
108
1797
1325
1430
1544
288
1736
1604
1464
1530
93
108
1544
148
1132
1461
980
164
1544
1807
1425
1710
1132
1425
534
820
306
108
608
386
1500
461
1346
975
1335
1788
1449
1457
503
996
946
1188
768
496
792
1088
108
601
1798
496
534
1469
157
1457
1788
1449
1398
300
1469
789
773
389
591
1770
946
1186
1425
1710
35
1425
1710
1583
1092
1092
9
1721
1092
9
1092
62
1826
1425
1710
1271
238
62
1826
1395
397
1673
1826
1395
1240
413
413
1721
368
891
963
988
368
1383
1530
500
1826
1425
1710
1283
259
1807
501
1425
1710
1425
534
1673
1530
1089
108
93
368
1449
35
507
1545
1539
109
176
1821
34
1230
259
128
1726
530
1410
507
1545
1672
1777
413
1826
1276
1469
1271
780
378
744
1788
1356
619
503
772
128
1601
1012
780
108
241
530
1132
1425
953
117
1425
534
1115
572
1046
530
28
1356
1128
1046
1316
1425
108
866
1109
28
530
1527
1788
1449
1807
129
71
239
1425
1710
1458
325
475
108
887
644
1094
1425
1710
1826
1807
387
963
963
1644
984
984
1425
1710
1292
1539
507
1425
1710
806
1425
1710
1826
1196
1457
1360
1469
1685
962
596
836
1644
128
128
1644
128
49
1271
780
984
108
128
1826
108
108
313
1425
1710
1325
806
1826
440
1425
1710
8
1826
413
1430
285
1583
820
1544
1140
1158
620
1189
461
620
751
955
1383
108
1775
1787
1430
377
128
1656
108
461
620
601
946
856
414
1708
388
108
388
769
644
1753
1094
856
1559
1531
234
1617
1332
1806
1126
388
644
644
1753
1094
1807
1666
1469
1333
572
1425
1710
644
463
1788
1449
961
975
280
644
386
1536
128
386
199
1129
1379
73
763
1567
557
970
128
140
851
601
128
962
558
1777
1558
128
1298
1132
353
85
94
1425
1689
628
1517
1688
851
1361
128
569
644
1296
1425
1710
1583
1583
953
1425
534
1601
1469
1277
108
874
1128
134
440
1335
57
740
1353
1157
699
108
926
1311
601
454
1141
108
1157
699
739
644
1753
1578
1500
1332
1430
1787
962
565
1425
1710
17
915
962
1776
108
1141
207
1141
1425
1710
1558
1255
413
527
539
1425
1710
108
1797
1826
440
1807
1217
1755
1807
1531
339
1509
1766
1040
189
1802
210
350
740
1807
1419
333
1485
601
744
1016
644
564
550
1417
1257
1788
1392
1797
1583
9
1425
1710
54
1425
534
1266
1457
1432
682
682
507
1153
507
430
138
967
1807
352
1392
729
1066
957
109
1629
248
1617
128
938
581
1109
938
1180
938
571
814
1002
1735
9
248
729
957
9
688
463
248
688
463
248
688
463
394
1004
128
1807
352
1392
463
128
90
105
1651
1826
639
596
998
176
716
1654
1425
312
105
463
35
1807
1383
1803
1803
596
1002
409
596
1036
1545
1462
1462
477
1250
239
105
962
239
105
962
239
422
237
477
422
963
963
1740
963
1462
325
1480
1462
543
1480
1250
239
643
659
918
1545
34
1109
962
128
1644
463
96
682
730
662
128
128
1786
52
682
1116
1628
413
922
550
1163
1332
1632
1628
413
1466
1644
128
1628
1332
1632
1628
413
1466
1644
128
1628
96
682
128
662
128
128
1786
1457
1332
1628
413
1466
1644
128
1628
252
982
1778
110
356
1177
1449
1628
1428
1466
1219
1644
1244
128
493
1721
856
946
1740
1721
507
550
965
1437
1632
1628
413
1807
225
1628
413
1810
1709
1074
1810
1628
1466
128
128
1807
1715
769
1675
682
1466
1644
128
1628
682
922
1628
413
679
662
1231
883
679
984
1623
679
1765
252
982
1778
110
356
1177
1332
1628
413
1466
1644
128
1628
128
982
1778
110
356
1177
1449
1628
1428
1466
1219
1644
1244
128
493
1721
856
946
1740
1721
507
550
965
1437
1807
225
1628
413
1810
1709
1074
1810
1628
1466
128
128
1807
1715
769
1675
682
1466
1644
128
1628
682
922
1628
413
679
662
1231
883
679
984
1623
679
1765
493
676
49
507
1428
676
507
982
680
676
679
1765
1075
255
9
679
1765
252
128
982
1778
110
356
1177
679
1765
252
982
1778
110
356
1177
306
1708
1770
65
1176
1717
1539
1187
1074
1657
1626
941
1164
121
1469
413
503
25
677
1424
131
1424
1451
663
1534
808
1424
1538
1036
333
1424
201
422
1153
1372
1807
1601
636
1610
128
1346
1469
1538
1036
194
1451
1332
1545
858
306
897
52
1120
1004
552
1807
128
1004
1737
1147
341
1106
493
770
1466
447
341
184
498
493
1488
887
1466
679
870
586
1460
96
682
128
662
128
128
1786
96
682
662
128
128
1457
310
249
99
1303
1545
343
997
1629
128
1449
378
1346
1469
1558
741
81
586
179
1788
1303
1457
1457
1301
850
660
850
96
682
662
128
128
1786
1332
1632
1628
413
1466
1644
128
1628
96
682
1644
128
662
128
1786
1332
1628
413
1466
1644
128
1628
128
128
49
1206
1598
1466
1219
1644
1244
128
1807
225
1628
413
1810
1709
1074
1810
1628
1466
128
128
1807
1715
769
1675
682
1466
1644
128
1628
682
922
1628
413
679
662
1231
883
679
984
1623
679
1765
128
128
49
1206
1598
493
1346
122
1429
363
682
196
507
1457
1432
682
507
1346
1650
1429
1500
1457
1505
620
1807
1545
1345
999
1545
461
81
1545
1545
1332
1632
1628
413
1466
1644
128
1628
1332
1628
413
1466
1644
128
1628
128
128
676
49
1469
1449
1628
413
1428
1466
1219
1644
1244
128
493
1721
1563
1011
1587
680
1025
689
365
493
507
692
957
1428
676
1508
1116
493
1459
957
507
550
965
1457
1807
225
1628
413
1810
1709
1074
1810
1628
1466
128
128
1807
1715
769
1675
682
1466
1644
128
1628
682
922
1628
413
679
662
1231
883
679
984
1623
679
1765
252
128
128
676
49
1469
1332
1632
1628
413
1466
1644
128
1628
1457
306
1469
1628
413
306
253
946
957
1807
175
676
676
917
1721
1567
1545
1545
187
175
1011
453
187
982
1457
1200
1659
128
1074
957
699
456
128
938
128
128
507
128
128
240
1545
1644
128
507
333
1551
1372
850
1644
128
838
1778
463
1676
463
463
1250
325
394
940
1011
1608
1676
257
676
558
1676
1644
128
1464
1644
128
1464
1644
128
1644
128
1644
128
1644
128
1644
128
1669
325
1644
128
325
1644
128
325
1644
128
507
1445
1600
685
1721
1600
685
1454
1600
685
1454
205
685
1721
1454
1721
1232
1464
802
1232
1464
1153
1232
1464
802
1232
849
585
802
1232
849
585
1641
585
1641
585
1232
1232
1232
1232
1153
1232
540
1232
1232
1598
1232
585
802
1232
849
585
1232
1153
1644
836
47
692
1644
836
47
1644
836
47
1454
1644
836
47
1644
836
47
1644
836
47
618
817
205
1011
1608
1676
257
676
558
1676
1644
128
49
676
1644
128
49
676
1644
128
49
676
1644
128
49
676
1440
1644
128
49
676
1644
128
49
676
1644
128
49
676
1644
128
1644
128
1464
1644
128
1464
1644
128
1464
1644
128
1464
1644
128
1464
1644
128
1644
128
1644
128
1644
128
1644
128
1669
325
1644
128
325
1644
128
325
1644
128
507
1445
1600
685
1721
1600
685
1454
1600
685
1454
205
685
1721
1454
1721
1232
1464
802
1232
1464
1153
1232
1464
802
1232
849
585
802
1232
849
585
1641
585
1641
585
1232
1232
1232
1232
1153
1232
540
1232
1232
1598
1232
585
802
1232
849
585
1232
1153
1644
836
47
692
1644
836
47
1644
836
47
1454
1644
836
47
1644
836
47
1644
836
47
618
1545
1332
1628
413
1466
1644
128
1628
128
128
676
49
1469
1670
1040
743
676
1692
957
456
1807
225
1628
413
1810
1709
1074
1810
1628
1466
128
128
1807
1715
769
1675
682
1466
1644
128
1628
682
922
1628
413
679
662
1231
883
679
984
1623
679
1765
128
128
676
49
1469
1587
190
620
975
1346
35
729
1382
23
569
1807
1382
911
643
333
266
235
1185
1469
1619
1469
128
1545
1721
1343
1505
963
1607
1117
1375
1545
521
13
1505
638
1608
484
1505
484
638
484
638
1545
42
1721
1544
444
1000
651
963
1709
975
257
343
886
1152
1469
1457
1432
103
620
659
769
682
662
883
1457
345
961
1545
308
1457
708
682
1457
662
128
883
1457
1432
682
128
128
104
504
904
538
1662
1644
776
1662
1644
165
1644
165
517
610
1455
588
1668
904
904
1133
1653
133
401
1553
292
333
429
107
429
429
1553
1620
312
1604
1557
23
489
1557
23
1557
23
1674
879
1175
333
1175
333
1183
1604
1183
1643
1553
1183
1643
1553
1183
511
711
1021
1175
1564
904
1262
1707
219
1428
1469
962
496
953
1147
1332
1628
413
1466
1644
128
1628
128
1346
1154
845
1346
1154
845
817
1683
1154
1013
1649
836
1144
568
1807
225
1628
413
1810
1709
1074
1810
1628
1466
128
128
1807
1715
769
1675
682
1466
1644
128
1628
682
922
1628
413
679
662
1231
883
679
984
1623
679
1765
128
1346
1154
845
1346
1154
845
817
1683
1154
1013
1649
836
1144
568
1332
1632
1628
413
1466
1644
128
1628
96
682
128
662
883
1457
1469
817
963
1743
1420
1743
598
1011
194
1296
1807
63
243
598
928
788
1392
729
1469
128
1153
430
507
255
128
9
982
586
1153
430
1392
1545
1469
1346
1457
1392
1545
525
882
96
682
128
662
128
128
1786
1387
807
1721
928
394
1807
909
1057
1807
744
394
96
682
128
306
1469
1127
1807
813
1596
128
586
1449
378
744
507
817
1721
1177
128
1807
379
1721
1454
946
1721
1175
1545
128
394
1721
1545
1449
436
507
682
586
836
1709
1807
725
128
1004
1516
67
1100
507
406
729
128
938
729
1153
618
1107
325
463
850
1807
1181
1271
507
491
1469
333
1706
1004
1004
823
1469
1063
1469
1063
1469
1534
128
596
49
838
651
1760
596
218
1630
128
596
49
838
99
596
128
1520
596
32
737
703
62
921
1534
665
1721
218
1630
596
1036
128
128
992
422
1796
245
596
1036
32
1665
737
1148
892
62
1457
1446
1387
463
1449
394
507
741
1799
128
718
1002
394
1721
1143
32
1665
737
596
1558
1008
1760
651
596
218
463
596
1558
838
1760
651
596
596
1520
1558
463
838
665
777
1742
1807
1463
946
1721
1175
1303
1446
1457
1363
1470
596
1470
558
82
796
596
1796
596
445
1644
1254
9
446
9
446
9
1644
128
1044
1644
128
644
579
579
1770
1496
1080
579
1770
1496
1080
1644
1254
1729
355
1644
1254
1729
1644
250
1644
250
1644
250
1644
250
250
548
258
9
402
355
355
1044
1044
644
1180
1815
1180
801
366
366
801
366
1044
366
801
366
1044
366
1021
239
596
596
366
366
1317
1317
366
1815
1815
1815
1815
1815
946
1815
1458
643
1523
1021
1021
1180
108
1180
1438
1317
1644
250
1080
1080
1644
250
1080
595
1080
1391
108
643
1472
1080
1472
1027
1027
1027
108
946
1472
1027
579
1770
1496
1080
1815
82
579
1770
1496
1080
1080
1027
1027
1027
1815
1027
1027
1027
1710
1027
1027
1710
108
1027
1027
643
643
1438
1027
1027
1710
850
1027
1027
1710
108
1027
1180
585
1027
1027
1027
1710
108
1027
1027
402
1027
1021
1027
1027
1180
1027
1027
1027
1710
1180
108
1027
1027
946
946
355
850
289
596
289
596
1044
1044
644
1180
1815
1180
801
366
366
801
366
1044
366
801
366
1044
366
1021
239
596
596
366
366
1317
1317
366
781
751
644
54
306
1783
257
1630
1480
1820
1346
96
679
1721
878
1783
539
1390
1558
860
962
1721
941
181
1750
962
941
1750
962
800
889
1721
878
1721
413
1803
878
1783
342
413
1826
816
751
644
82
1029
356
1586
1783
889
751
644
962
1807
1486
1269
976
866
117
397
128
1143
709
962
1729
519
257
1469
1255
230
1721
1589
199
643
863
1067
333
428
128
1109
1266
845
1356
1713
1009
159
760
395
1734
106
1438
1813
1214
1115
771
304
355
1531
928
1828
1383
62
355
1531
62
845
596
1266
596
1719
975
203
1799
49
1159
1466
128
679
924
1333
122
1635
1132
1319
1797
747
1672
1799
682
1138
1040
1266
773
1558
1797
747
1672
1040
1059
1683
493
1558
1132
355
854
307
1197
1779
121
1438
1628
413
1466
1644
128
1628
569
1509
1134
1457
682
493
1066
957
128
662
883
1807
1469
346
1346
1786
913
1539
1812
1153
836
938
729
1755
1469
255
676
1272
1469
773
128
1272
81
1469
128
676
1272
885
1107
105
384
974
420
962
240
507
548
962
240
507
548
1115
36
420
681
420
974
1457
507
128
1017
1466
128
679
1066
507
378
1346
1632
1628
413
679
1733
1693
1449
611
1066
507
1187
1332
1628
413
1466
1644
128
1628
128
1534
1518
388
618
463
1066
507
1629
378
1346
1807
225
1628
413
1810
1709
1074
1810
1628
1466
128
662
1807
1715
769
1675
682
1466
1644
128
1628
682
922
1628
413
679
662
1231
883
679
984
1623
679
973
642
973
642
1765
128
1534
1518
388
618
463
1066
507
1629
378
1346
1332
1632
1628
413
1466
1644
128
1628
1449
400
1628
413
914
679
1733
1303
1332
1628
413
1466
1644
128
1628
128
1518
618
463
1066
507
378
1346
1807
225
1628
413
1810
1709
1074
1810
1628
1466
128
662
1807
1715
769
1675
682
1466
1644
128
1628
682
922
1628
413
679
662
1231
883
679
984
1623
679
973
642
973
642
1765
58
376
1721
1358
1430
99
1425
1710
644
128
679
973
642
973
642
1765
493
1644
596
644
679
973
642
973
642
1765
1534
1518
388
618
463
1332
61
1628
413
1466
1644
128
1628
128
1534
1518
388
618
463
1066
507
1629
378
1346
1807
225
1628
413
1810
1709
1074
1810
1628
1466
128
662
1807
1715
769
1675
682
1466
1644
128
1628
682
922
1628
413
679
662
1231
883
679
984
1623
679
973
642
973
642
1765
128
1534
1518
388
618
463
1066
507
1629
378
1346
1332
1632
1628
413
1466
1644
128
1628
1449
1109
1072
1066
507
501
1534
1518
218
435
1518
1189
618
463
1788
493
957
1066
507
627
343
881
1110
921
886
1110
1438
1778
613
1119
608
394
1332
1632
1628
413
1466
1644
128
1628
1332
1628
413
1466
1644
128
1628
128
501
351
795
198
1106
1807
225
1628
413
1810
1709
1074
1810
1628
1466
128
128
1807
1715
769
1675
682
1466
1644
128
1628
682
922
1628
413
679
662
1231
883
679
984
1623
679
1765
128
501
351
795
198
1106
96
682
128
662
128
128
1457
881
1629
175
325
1180
384
1629
309
175
1346
128
306
1599
97
507
306
109
1457
1046
1346
795
1804
1807
507
586
714
306
770
1545
644
1477
1545
177
27
42
1545
644
644
1545
435
1807
507
929
962
128
1004
1644
128
1545
643
1545
982
177
643
1706
1477
1477
1477
906
1477
1438
866
643
1505
259
982
1545
1250
1271
1511
1477
355
644
1271
644
1477
355
644
1545
623
504
1477
504
1438
910
1346
904
1266
1706
904
888
1163
1804
1325
1469
495
177
27
42
1545
1044
1545
1545
644
1545
1271
1401
467
1545
643
643
1545
1545
1477
1477
1545
1802
467
1770
128
963
984
306
621
493
35
1066
507
433
287
507
586
1063
1680
643
643
643
1706
586
586
1708
1630
1739
500
1346
1326
1545
117
1599
520
1109
596
1518
1764
30
1280
1545
1326
1016
555
1599
613
1194
1803
1326
1599
1174
1544
1534
1386
584
1386
1518
580
663
463
1681
1544
1541
96
682
662
128
128
1346
662
866
308
962
128
1644
480
1272
1603
1457
1622
1583
1175
346
257
1469
128
1105
1022
942
1247
903
399
1545
1644
128
904
1644
128
1401
904
1644
128
1669
904
904
1545
903
128
1644
128
1644
128
1401
1644
128
1669
596
155
287
1545
1545
1644
128
1401
1644
128
1644
128
1644
128
1401
1644
128
1669
962
1804
1401
1144
904
1180
1180
30
1545
942
596
128
1004
531
1644
128
1545
1644
128
904
1644
128
1401
904
1644
128
904
1644
128
1669
904
904
504
128
128
1545
1730
501
654
1548
128
247
850
1401
1819
1545
850
1584
1092
1462
271
838
1494
896
693
938
9
1644
128
1644
128
838
1778
463
757
463
376
246
355
1044
422
940
1068
964
850
355
850
1044
909
355
1044
909
463
463
757
463
1250
757
1496
1544
1401
601
257
1644
128
1644
128
128
1789
1644
128
938
1644
128
128
938
1644
128
938
1644
128
128
938
1462
814
1462
1004
1462
1669
1462
1004
1462
1669
1462
1004
1462
1669
1789
1462
1669
1153
1789
802
1789
1462
1669
1789
1584
802
351
1403
1153
1584
205
659
1153
659
817
1644
128
838
1778
463
757
463
376
246
355
1044
422
940
1068
964
850
355
850
1044
909
355
1044
909
463
463
757
463
1250
757
1496
1544
1401
601
257
1644
128
1464
1644
128
128
1789
1644
128
1464
1644
128
128
1789
1644
128
1644
128
128
1789
1644
128
1644
128
128
1789
1644
128
1644
128
128
1789
1644
128
1644
128
128
1789
1644
128
1669
325
1644
128
128
1789
1644
128
325
1644
128
128
1789
1644
128
938
1644
128
128
938
1644
128
938
1644
128
128
938
817
1644
128
1544
1401
601
257
1644
128
1789
1644
128
128
938
1644
128
1644
128
128
1789
1644
128
1464
1401
1644
128
128
1789
1644
128
1464
1401
1644
128
128
1789
1644
128
1464
1644
128
128
1789
1644
128
1464
1644
128
128
1789
1644
128
1464
1644
128
128
1789
1644
128
1464
1644
128
128
1789
1644
128
1464
1644
128
128
1789
1644
128
1464
1644
128
128
1789
1644
128
1464
1644
128
128
1789
1644
128
1464
1644
128
128
1789
1644
128
1464
1644
128
128
1789
1545
346
128
77
1401
115
65
128
240
128
240
103
1401
240
1644
128
115
1467
1401
1807
41
665
1573
115
767
128
459
1644
1588
459
128
104
1598
1021
1494
68
323
1544
128
103
1401
1644
128
115
1467
128
306
1628
413
400
63
1469
1466
1644
128
1628
1466
1644
128
1628
1332
1628
413
1466
1644
128
1628
355
984
355
1286
1011
1346
1466
1219
1644
1244
128
1807
225
1628
413
1810
1709
1074
1810
1628
1466
128
662
1807
1715
769
1675
682
1466
1644
128
1628
682
922
1628
413
679
662
1231
883
679
984
1623
679
1765
355
984
355
1286
1011
1457
1332
1632
1628
413
1466
1644
128
1628
682
1086
1086
1012
81
1544
1066
507
187
1138
306
603
1710
1675
1457
375
1709
1271
1545
406
406
1545
253
1457
1445
406
458
1545
406
1545
456
1701
1636
1545
406
1636
445
1636
1545
753
1522
962
128
1644
885
1457
682
1781
1562
834
175
1518
1219
1394
1807
941
804
507
1807
744
507
169
793
1466
128
209
1791
662
128
1219
507
1346
1431
243
1066
507
778
1469
816
682
866
1109
1109
1621
598
1449
894
507
1548
1469
257
507
530
1388
601
81
1466
1102
1644
1299
128
1231
1644
128
128
1644
128
96
682
662
128
1786
1112
1066
957
128
957
1153
1541
333
1551
1372
1665
1644
128
1644
128
333
1551
1372
1665
1115
128
592
1740
1740
1740
1740
1644
128
1644
128
881
1587
894
933
507
825
530
507
1545
507
1068
1068
36
1068
1299
1068
1299
1299
1086
603
1710
1299
1086
603
850
603
1299
1086
603
477
603
1068
36
1545
1086
190
946
1086
603
1545
1278
1299
1770
598
603
638
484
1086
603
1710
484
1086
603
1180
1180
1180
638
484
1086
603
1545
1011
456
856
603
1629
1086
1613
1364
1545
1765
1765
688
1613
1323
33
1587
1809
333
333
1765
1613
1021
30
1545
306
128
828
1346
1793
957
525
1544
1807
816
682
1004
1457
682
1332
1628
413
1466
1644
128
1628
128
1743
904
957
1807
225
1628
413
1810
1709
1074
1810
1628
1466
128
128
1807
1715
769
1675
682
1466
1644
128
1628
682
922
1628
413
679
662
1231
883
679
984
1623
679
1765
128
1743
904
957
1332
1632
1628
413
1466
1644
128
1628
355
596
1374
110
325
909
182
838
1403
212
1687
1403
128
1105
1544
9
493
128
463
128
1770
402
946
1743
1105
286
128
788
1770
402
128
1789
788
596
688
845
596
1356
1109
128
463
893
837
96
682
128
662
128
128
1786
1457
128
1469
1303
1383
128
128
45
1303
105
1545
1132
638
1462
1132
1545
105
1150
1303
406
105
588
1545
1383
489
1818
333
1718
738
1804
674
1143
1780
73
1424
599
1818
333
96
1506
518
413
691
1718
1506
1506
1694
108
1425
413
1506
1506
810
108
1425
1826
1506
105
859
489
333
722
1718
1625
1058
1651
1424
1049
105
1239
1801
1694
810
1162
589
537
862
489
333
1625
1058
130
723
1807
1799
105
710
675
312
192
596
1060
130
1425
1651
1122
1594
105
1147
1638
1818
1216
1470
723
1216
1064
122
859
1216
1437
481
414
1119
1383
1545
1066
957
304
128
45
1303
500
1644
128
49
975
618
1469
1807
1007
1511
1587
991
1807
1500
99
1509
1766
1109
262
601
1604
1346
618
731
128
1462
926
1541
601
1003
1426
1796
1383
1511
1011
1545
1511
1467
507
575
1644
128
938
1511
394
1467
1644
128
938
1011
1175
676
1726
832
1511
859
1011
364
1608
507
364
1726
1011
1011
1175
859
643
1011
1175
1829
82
859
859
82
1011
394
1545
1807
85
676
1807
81
596
1511
30
1511
30
128
861
676
1807
1807
1783
596
1807
1076
477
1737
1545
128
1467
643
1545
1449
886
1253
586
1544
1270
785
78
1807
981
128
938
618
618
504
128
938
1011
1467
128
938
618
618
425
1109
1644
128
63
49
1175
676
128
938
618
618
854
1544
394
119
676
257
809
1815
1669
606
809
1351
128
1511
1480
128
128
104
1815
1352
128
938
618
618
425
257
49
676
767
638
128
938
618
618
854
571
1644
128
49
676
1109
1053
128
938
618
618
425
257
49
676
887
1710
1644
128
49
676
887
693
274
1644
128
49
676
128
938
618
618
425
243
613
394
1644
128
49
676
128
938
618
618
425
487
1741
613
394
1351
128
1511
128
938
618
618
854
128
394
695
262
394
1351
128
1511
128
938
618
618
425
1710
394
1175
1644
128
49
676
887
394
119
1351
128
1511
128
938
618
618
425
487
1741
613
394
1351
128
1511
128
938
618
618
854
128
394
695
262
394
1351
128
1511
128
938
618
618
425
1710
394
1175
1644
128
49
676
887
394
119
1351
128
1511
128
938
618
618
854
128
394
695
262
394
1644
128
49
676
1672
1449
1605
1469
1511
1011
962
496
832
1511
1135
938
785
845
1350
128
128
1462
601
1545
394
1467
1644
128
938
1011
1175
859
643
1011
1175
1829
82
859
507
676
859
82
1011
394
1545
1332
1632
1628
413
1466
1644
128
1628
1457
1332
1628
413
1466
1644
128
1628
1346
128
1503
143
1545
372
1807
225
1628
413
1810
1709
1074
1810
1628
1466
128
128
1807
1715
769
1675
682
1466
1644
128
1628
682
922
1628
413
679
662
1231
883
679
984
1623
679
1765
306
1503
356
372
1503
424
679
1765
225
883
1228
128
96
682
662
128
128
1786
1449
1807
1181
507
1755
1748
1469
501
922
63
1469
1807
922
596
239
597
397
1772
1545
1545
1058
1545
1332
1623
596
409
1654
557
596
1539
128
1782
1469
422
177
787
1058
1470
682
166
1501
575
757
682
96
682
662
128
1786
1457
682
96
662
1457
682
957
1469
109
955
1700
909
128
463
1258
674
325
463
591
1807
1544
40
269
580
662
962
1810
1644
577
128
679
128
962
1810
1644
577
128
679
394
906
323
112
1234
774
30
85
402
774
1775
601
744
984
887
1258
623
1406
1807
1576
904
128
744
957
839
1457
1084
507
1462
1276
611
1127
244
1074
1462
1066
507
1074
1098
921
1356
611
128
1729
303
1649
431
41
306
90
1807
1807
941
507
1807
1624
744
1807
744
507
1466
128
209
1791
662
507
865
693
938
303
1462
9
1466
128
209
1791
662
507
1109
879
1523
1492
30
984
1332
1632
1628
413
1466
1644
128
1628
96
682
1457
662
128
128
1786
1332
1628
413
1466
1644
128
1628
128
1346
279
568
1807
225
1628
413
1810
1709
1074
1810
1628
1466
128
128
1807
1715
769
1675
682
1466
1644
128
1628
682
922
1628
413
679
662
1231
883
679
984
1623
679
1765
128
1346
279
568
1469
128
1644
1588
1105
538
286
21
1406
84
1406
67
9
128
1356
1109
757
1085
1607
620
718
1406
1629
757
962
39
1600
1156
1629
1629
1467
1653
306
544
1004
