257
1311
1622
1467
516
1622
257
1497
1605
594
858
1605
257
924
1595
1467
1290
1156
74
768
691
527
84
543
324
84
543
1446
1431
74
245
257
1311
1622
1467
516
1622
62
543
824
231
367
1196
486
758
486
503
367
876
938
594
543
1231
943
887
927
350
63
587
552
599
1205
881
1622
1467
516
599
587
881
1622
1467
516
599
805
257
1311
1622
1467
516
1622
587
1311
1622
1467
516
1622
1304
458
1567
1066
1363
123
1196
1459
364
1311
1467
1164
1459
1205
1015
877
387
210
1311
1104
1467
1123
1619
189
1459
364
1622
1518
986
1622
1459
1311
1164
587
1619
1527
692
1493
602
1311
1467
1164
1459
602
840
1459
364
599
587
1116
805
599
901
1455
599
1467
1578
1205
480
1605
599
1467
1578
1205
821
387
719
599
1467
1578
790
877
257
1164
1311
1622
1467
516
1164
1622
1164
587
1311
1622
1467
516
1164
1622
692
929
1335
6
77
1553
1201
746
682
791
582
279
1006
943
1250
260
821
535
1015
1304
1277
943
539
770
1373
1314
821
1398
279
1314
1373
1314
1486
1250
1178
539
666
370
924
1015
1314
1077
1467
1300
1206
1206
53
784
486
1467
342
1585
65
660
1570
1570
999
791
342
362
362
84
1304
682
840
1587
62
823
1098
62
823
62
823
1311
1123
35
1282
535
189
1311
1467
1459
1596
1311
1622
1467
516
1622
1311
1467
1459
276
1491
1314
821
1311
1123
920
1351
547
878
74
543
276
120
1063
837
287
1304
682
63
1067
1314
466
63
1373
1314
309
435
535
837
837
522
309
435
535
1303
1173
837
1619
346
1316
837
287
1173
560
1039
309
1303
1592
1395
837
118
352
342
309
519
1212
1552
525
380
763
1304
380
525
1205
599
1205
881
1467
805
881
1467
805
881
1467
1116
1304
666
1048
1205
1314
309
519
938
309
435
205
842
584
353
309
435
1294
1443
708
599
1205
881
1467
1116
881
1467
805
881
1467
805
1314
599
1205
499
814
1100
877
1156
1304
257
1164
587
1311
1622
1467
516
1164
1622
257
1311
1622
1467
516
1622
1311
1622
1467
516
1622
602
1527
295
853
1104
309
532
1581
309
826
1352
877
153
296
1581
826
891
1091
1205
1472
618
826
1068
675
1581
650
257
397
775
270
790
1015
397
279
775
1277
902
584
881
877
774
806
1116
587
1311
1622
1467
516
1622
638
1519
773
1641
908
938
597
1196
908
938
1294
257
1116
881
1467
1052
763
982
763
29
151
84
151
84
357
1439
791
525
151
1377
552
1619
815
357
16
151
1377
552
1413
1439
791
576
1377
552
486
1377
1020
1515
279
1261
79
525
1116
525
525
1314
744
821
1492
1314
279
548
1323
468
1443
1542
881
525
279
931
525
525
279
1566
1424
279
1485
1373
357
1413
660
279
1443
84
1443
84
1443
16
84
1443
84
200
222
171
84
1143
215
1153
1620
152
501
644
357
972
274
1610
1491
1375
1553
1340
1553
1375
652
80
518
1420
1277
1420
677
518
985
1197
122
1340
1553
1375
84
1553
122
1340
1381
1553
1340
1381
1333
1467
657
752
774
395
791
1333
731
1612
500
1375
257
1311
1622
1467
516
1622
1311
1622
1467
516
1622
587
1311
1622
1467
516
1622
1311
1622
1467
516
1622
62
1140
84
1308
66
1569
1470
257
587
1311
1622
1467
516
1622
599
602
1156
894
790
1441
894
811
594
570
811
905
794
1232
570
1373
570
63
1364
896
210
1363
682
974
458
934
1482
1373
974
458
1156
257
805
1311
1467
599
599
606
606
1045
816
306
1488
1339
598
1200
307
682
85
700
536
682
1214
525
587
1311
1622
1467
516
1622
1205
1477
1488
700
700
1311
1622
1467
516
1622
1311
1622
1467
516
1622
257
257
1165
587
1311
1622
1467
516
1165
1622
1363
816
915
260
1039
1333
1039
945
821
260
821
150
821
1335
1172
1549
862
1042
1599
1599
411
1599
1599
411
1156
150
187
877
1017
1467
1153
877
1133
758
1414
1366
614
458
807
1366
931
181
1197
1212
1236
112
1212
287
535
1314
1553
1115
1553
1420
712
1051
956
938
888
1311
1622
1467
516
1622
599
1553
677
245
1084
1205
257
1116
1311
1622
1467
516
1622
599
638
682
647
508
1078
927
779
510
682
647
257
1116
881
1467
1052
763
982
763
1634
307
534
1579
1619
682
647
1055
682
647
1196
1459
364
1311
1467
1459
128
234
1404
868
1311
1104
1467
1123
1619
189
1459
364
1622
1518
986
1622
1459
1311
1619
1527
692
1493
602
1311
1467
1459
602
840
1459
364
599
587
1116
805
599
901
1455
599
841
1578
128
234
1404
868
1154
791
257
411
1595
1141
1622
1537
1271
802
1405
1015
382
802
802
1386
1405
17
1405
1311
1622
1467
516
1622
587
587
257
587
1311
1622
1467
516
1622
1311
1622
1467
516
1622
221
602
1515
525
205
805
1515
840
1314
1595
1306
62
1545
1311
1123
422
479
144
234
645
62
1140
761
790
62
1140
1210
761
479
54
59
914
1178
158
645
1356
62
1140
761
234
62
1545
388
62
1545
1284
1042
653
1126
1349
805
881
1622
1467
516
599
257
587
257
1311
1622
1467
516
1622
587
1311
1622
1467
516
1622
1311
1622
1467
516
1622
1311
1622
1467
516
1622
1419
677
1467
1518
361
653
774
1385
1378
1049
1137
866
1079
202
653
897
774
1039
202
653
653
798
258
653
594
1385
774
901
518
367
1200
510
653
35
924
1587
653
1419
458
613
224
774
1304
924
525
1467
1518
1341
774
1049
678
1492
337
387
288
237
176
1570
1111
1582
180
591
591
525
1311
1518
1467
1273
1467
1051
1467
1518
525
1467
1518
715
772
525
350
1314
1277
406
122
653
353
359
1020
1304
924
202
122
653
359
821
100
915
387
1312
731
774
1371
230
387
1371
986
218
1467
218
653
458
359
727
1599
1093
1055
1391
359
1010
480
564
602
924
692
532
697
1636
1439
1622
805
1494
591
68
340
244
1375
1489
1622
1515
775
1488
644
1104
1212
417
359
100
915
1467
1518
715
653
54
1553
1518
458
525
1373
1304
1564
1600
1375
1622
1154
1599
547
789
1467
1154
727
1154
1154
1599
547
789
1467
1154
727
279
1154
1154
1599
547
789
1467
1154
727
1154
1375
80
872
852
1130
1130
248
47
342
1460
602
1432
1488
47
62
354
257
587
1311
1622
1467
516
1622
1311
1622
1467
516
1622
257
881
1467
1052
763
982
763
353
974
458
1359
186
570
790
186
1619
570
901
257
1116
881
1467
1052
763
982
763
1426
350
1492
1402
901
881
1467
1052
763
982
763
1311
1467
1601
1116
144
547
1467
144
1622
1467
516
1622
599
1197
166
1101
1619
1326
1545
28
458
387
877
387
877
1205
62
1140
582
1300
582
1300
539
387
552
227
1488
458
387
877
387
877
62
1140
1205
582
1300
582
1300
1333
239
132
1156
929
203
1488
4
1568
874
1375
62
1375
62
666
1527
1311
62
1459
1304
1521
321
641
970
941
189
1619
666
1179
1375
1527
1361
1459
729
1311
62
1459
1311
1467
1459
257
1311
1622
1467
516
1622
587
1311
1622
1467
516
1622
1022
1205
1314
257
881
1467
1052
763
982
763
881
1467
1052
763
982
763
1116
881
1467
1052
763
982
763
535
666
307
602
1244
971
244
355
602
610
1534
1375
660
84
65
1040
1363
1205
267
660
791
591
858
588
1034
1363
767
858
532
1553
1207
551
508
1627
306
1634
646
1376
1200
816
819
508
583
499
1216
721
257
1104
1363
1074
602
499
1210
261
1333
602
1549
878
676
731
551
666
24
1449
508
821
1619
1014
1394
118
1200
381
551
1558
1076
660
170
436
316
1059
1375
1419
1604
60
1014
821
638
1483
952
1099
735
1015
1014
1549
1467
878
1395
660
1263
791
1333
442
838
60
821
1395
1515
552
949
660
1166
1363
63
718
834
838
819
525
552
161
100
1128
654
1447
1214
1128
602
824
1076
1087
1508
1147
1549
787
1014
1467
878
1395
1619
1549
738
721
60
821
1515
1023
821
680
1335
1553
1450
660
535
669
551
898
746
870
1553
1605
1282
805
1282
1311
1622
1467
516
1622
257
1311
1622
1467
516
1622
1311
1622
1467
516
1622
587
1311
1622
1467
516
1622
666
221
1420
1373
1015
892
1314
469
196
614
791
1456
660
458
1041
682
1335
257
840
1314
257
666
1067
532
1335
1570
1314
1314
1335
1283
572
1396
1372
1335
898
263
819
675
1507
938
1420
1619
171
819
938
1333
82
1311
1622
1467
516
1622
599
1311
1622
1467
516
1622
599
1311
1622
1467
516
1622
599
1311
1622
1467
516
1622
599
1619
683
34
943
34
1553
535
259
1196
22
34
1453
1196
1453
1196
1431
211
139
1619
1624
1399
34
943
1537
120
22
610
1621
915
1291
821
636
1619
975
1621
36
1268
287
1205
535
346
450
887
1545
1197
377
1312
1212
544
171
1621
197
1619
1196
638
943
539
858
905
794
1309
711
858
1488
858
1488
1033
874
1232
858
572
1178
636
146
1448
510
1454
791
1615
1290
218
327
1467
1290
1084
535
346
791
1615
363
711
146
1211
726
100
34
1009
790
377
1312
910
1015
1364
377
1312
1373
1196
642
1373
365
1373
1278
309
1015
4
4
377
365
808
1528
1385
1298
4
377
100
84
82
186
257
1164
881
1467
1052
763
982
763
1441
1484
1232
6
468
1076
215
442
1047
1364
602
1164
1420
164
1205
1164
1477
257
1164
1116
881
1467
1052
763
982
763
257
1311
1622
1467
516
1622
587
821
1549
1045
62
291
1311
1622
1467
516
1622
1467
1051
1129
1231
1559
62
972
944
62
981
62
1488
821
680
1311
1123
1311
1622
1467
516
1622
821
1549
1045
62
291
1311
1622
1467
516
1622
257
1311
1622
1467
516
1622
1637
746
122
1553
1493
458
1553
532
432
458
1335
1419
1304
897
1375
178
535
277
1333
525
1553
1553
525
1333
50
1497
997
113
113
1467
272
821
821
1375
257
587
1311
1622
1467
516
1622
1205
257
587
1311
1622
1467
516
1622
1311
1622
1467
516
1622
1311
1622
1467
516
1622
1420
986
1375
1333
1467
657
752
1333
1333
1467
657
752
1333
1333
1467
657
752
1333
1333
1467
657
1259
752
1333
1333
1467
657
752
1333
1333
1135
178
1135
178
1333
1333
1135
1135
1333
1333
1135
818
1135
818
1333
1333
1467
1420
1467
1420
1135
1333
1333
1467
1420
1467
1420
995
1333
1333
1467
1420
1467
1420
1333
1333
1467
657
752
1333
1333
1467
1420
1467
1420
1333
1333
1467
1333
1375
1314
1026
1553
687
821
1015
1553
687
1266
1311
1622
1467
516
1622
276
1613
770
1026
1619
870
1178
571
532
257
257
594
257
881
1622
1467
516
599
774
901
1251
309
532
1619
921
1471
1196
1424
1315
60
486
1467
938
1467
1467
144
1467
144
901
257
62
823
1304
1104
16
537
1373
62
823
62
823
1331
103
103
103
845
1467
1125
823
1098
339
62
823
306
1467
1125
823
1467
1125
823
1098
894
458
894
821
821
62
823
62
823
894
458
894
821
821
990
1619
62
823
525
669
1439
704
1311
62
1140
1601
587
62
1140
458
62
1140
1051
275
669
62
1140
1071
525
821
62
823
1098
1488
1311
62
1140
355
587
62
1140
62
823
235
1098
62
823
535
63
525
821
62
823
824
1460
1314
1304
458
986
1373
1314
260
1595
1043
1149
587
653
881
1622
1467
516
1129
599
881
1622
1467
516
599
355
881
1622
1467
516
355
881
1622
1467
516
1515
1395
584
732
1631
774
202
349
1068
220
349
762
155
178
570
732
1631
1488
732
1631
1488
732
1631
1488
732
1631
1488
732
1631
1488
732
1631
1488
732
1631
1488
1308
1488
1308
1488
232
359
1308
1488
1431
584
359
1308
1488
1048
359
727
359
1308
1488
359
1308
1488
232
359
1308
1488
232
359
1416
727
1048
178
584
1048
584
740
178
570
359
1098
496
732
732
732
732
732
1631
1488
732
1631
1488
732
1631
1488
732
1631
1488
732
1631
774
202
349
1068
220
349
762
155
178
570
732
1631
1488
732
1631
1488
732
1631
1488
732
1631
1488
732
1631
1488
732
1631
1488
732
1631
1488
1308
1488
1308
1488
232
359
1308
1488
1431
359
1308
1488
1048
359
727
359
1308
1488
359
1308
1488
232
359
1308
1488
232
359
1416
727
1048
178
584
1048
584
740
178
570
359
1098
496
732
732
732
732
732
1631
1488
732
1631
1488
732
1631
1488
732
1631
1488
584
732
1631
774
202
349
1068
220
349
762
155
178
570
732
1631
1488
732
1631
1488
732
1631
1488
732
1631
1488
732
1631
1488
732
1631
1488
570
513
950
575
859
881
859
188
1014
1599
496
881
859
188
1014
1599
496
276
859
1314
821
709
525
1311
1467
1052
763
982
763
881
1467
1052
763
982
763
257
76
257
587
257
1311
1622
1467
516
1622
587
1311
1622
1467
516
1622
1311
1622
1467
516
1622
1311
1622
1467
516
1622
1492
272
1311
1622
1467
516
1622
1311
1622
1467
516
1622
257
1311
1622
1467
516
1622
587
1311
1622
1467
516
1622
286
1488
92
1205
1300
1440
791
696
1314
660
1048
839
929
1375
701
409
701
409
1004
60
458
1322
701
409
1196
1300
1440
1004
458
701
409
701
409
1375
1322
1020
80
1300
1440
1375
701
409
701
409
1004
60
458
1322
701
409
1196
1004
458
701
409
701
409
1375
422
1322
1303
1375
1196
486
1300
701
1300
1440
84
84
693
1300
1440
1607
1375
878
701
1300
1440
638
1607
1020
1048
701
718
698
1300
1440
1300
1440
49
1064
253
878
1300
1300
1300
701
257
1311
1622
1467
516
1622
1370
915
287
458
652
257
1311
1622
1467
516
1622
602
870
684
61
1023
821
1020
1303
1247
28
525
1322
1441
1247
28
100
1247
28
100
1247
28
257
1311
1622
1467
516
1622
1196
1462
1459
364
1311
1467
1459
1553
506
1415
294
1520
1459
364
1196
1459
364
1311
1467
1459
1205
1553
506
1415
294
1520
1205
1314
1311
1104
1467
1123
1619
189
1459
364
1622
1518
986
1622
1459
1311
1619
1527
692
1493
602
1311
1467
1459
602
840
1459
364
599
587
1116
805
599
901
1455
599
716
874
1578
1205
1553
506
1415
294
1520
257
587
1311
1622
1467
516
1622
1311
1622
1467
516
1622
1311
1622
1467
516
1622
1311
1622
1467
516
1622
816
587
1021
279
976
1314
1277
260
552
1021
1567
1196
594
1030
584
171
1156
682
1182
1104
200
279
775
417
816
1311
1622
1467
516
1622
1311
1622
1467
516
1622
587
1311
1622
1467
516
1622
1460
1205
1314
816
1311
1622
1467
516
1622
257
1311
1622
1467
516
1622
80
387
409
614
758
1042
666
189
387
409
1499
387
1463
409
844
587
1311
1622
1467
516
1622
599
1311
1467
599
1205
821
387
409
409
1282
387
1311
1467
1601
1116
1125
758
1042
212
6
324
877
997
1467
100
791
221
653
1010
1153
1322
1327
791
747
808
62
823
897
91
380
1333
343
969
1375
1467
342
1585
65
660
1570
1570
999
791
342
362
362
84
122
1467
525
1333
1312
84
91
996
821
973
380
387
353
1467
758
1333
1042
1333
1068
1333
1077
1333
653
1333
1467
1333
821
525
1333
1467
1627
660
821
1467
878
1395
821
100
821
60
1467
1467
878
1395
1467
1627
660
821
525
84
65
277
1356
65
1312
1356
1068
411
353
525
84
1322
1327
1322
1327
84
1375
205
881
791
215
1015
479
1314
392
1375
1333
989
543
1042
1467
758
1333
1042
770
852
1467
100
791
1467
1627
660
1467
878
1395
852
770
1042
1333
212
1467
100
791
1127
1375
758
1333
1042
1027
870
1082
758
1333
1596
1375
774
901
43
535
1461
666
870
1467
100
791
1467
1627
660
1467
878
1395
1333
790
653
1322
1327
791
1580
897
1504
1196
584
1412
292
1467
100
791
986
479
821
292
1026
175
1335
1606
290
718
233
1183
1359
257
1164
587
1311
1622
1467
516
1164
1622
803
1314
728
257
1217
1375
72
406
134
144
849
51
839
1420
638
1446
51
748
144
134
362
1265
72
843
1357
134
1265
234
97
234
1375
1467
878
362
542
827
1333
1333
1333
827
849
362
827
938
1333
535
63
1375
1552
1544
718
849
585
406
723
1552
638
881
362
821
827
257
1311
1622
1467
516
1622
587
1311
1622
1467
516
1622
1311
1622
1467
516
1622
1311
1622
1467
516
1622
1311
1467
516
1595
1051
791
547
1467
1051
791
257
1311
1622
1467
516
1622
558
894
458
456
1042
1553
1112
422
1027
442
1199
212
1254
306
257
1311
1622
1467
516
1622
257
1311
1622
1467
516
1622
541
458
1515
839
881
315
1286
1553
758
1042
1304
1338
215
1197
136
34
1395
1278
1206
1041
1278
1206
1579
1278
1206
881
762
1395
1278
1206
279
1048
1206
34
1278
1206
774
762
467
1048
100
1154
878
1206
122
100
1154
122
552
34
1515
279
279
507
507
1056
552
44
892
1011
1395
1553
1466
920
62
823
1363
669
1156
257
62
823
816
840
910
778
1302
1375
1375
1277
877
371
570
740
1311
1467
599
1548
1243
257
881
1467
1052
763
982
763
1212
1015
758
1042
1587
427
1015
427
1286
770
1548
1051
1587
1533
212
1051
1587
1533
1587
610
1051
6
202
427
65
1051
478
770
758
1042
28
881
1467
836
1099
1531
481
1550
1460
215
1619
257
1015
112
781
781
1232
572
770
194
1587
1533
476
572
1034
257
881
1467
1052
763
982
763
1116
881
1467
1052
763
982
763
1284
660
602
1116
257
881
1622
1467
516
599
805
1563
1304
1274
466
1164
458
814
1164
122
1251
1333
392
309
1553
122
1164
774
818
584
1467
1599
277
1098
1333
1467
1164
1290
100
1098
860
42
1467
1098
227
1467
1599
1467
1098
1467
1599
1467
1098
1467
1599
1467
1098
1467
1599
1467
1098
1048
1467
1599
1467
1098
1467
1599
1467
1098
1467
1599
1467
1098
1467
1599
1467
734
500
728
1467
734
500
728
1467
734
500
783
1467
734
500
728
1467
734
500
736
1467
144
1467
144
1467
144
1467
144
1467
144
1467
144
277
1467
144
277
1467
1051
727
1467
1051
727
1467
1051
727
1467
1051
727
315
244
1467
1051
791
1467
1051
791
525
1467
1051
791
1467
1051
791
525
1467
878
1395
614
1467
878
1395
525
1467
878
1395
614
1467
878
1395
525
1467
878
660
170
614
1467
878
1395
525
1436
603
1534
1436
603
1301
1436
603
1301
178
603
1534
1301
1534
1467
1214
1301
1467
1214
1467
1214
1301
1467
1214
1467
878
1395
660
614
315
244
1467
878
1395
525
1467
1627
614
1467
878
1395
525
1467
1627
1467
878
1395
525
1467
1627
1467
878
1395
525
1467
1627
1048
1467
878
1395
525
1467
1627
614
1467
878
1395
525
1467
1627
614
1467
878
1395
525
1467
1627
614
1467
878
1395
525
1467
1164
1041
570
1467
1164
1041
570
1061
1048
1041
1061
1048
1048
178
584
1048
584
543
1587
1467
1164
1467
1164
525
6
1051
1553
1164
543
277
466
277
774
818
584
1467
1164
1599
525
774
569
178
1467
1164
1051
934
1467
1164
1051
525
1467
1164
1051
934
1467
1164
1051
525
934
315
244
934
315
244
1467
1164
1599
736
1048
1467
1164
1599
525
1048
178
584
1048
584
774
818
584
1467
1164
1599
525
774
569
540
1314
816
62
823
1314
1277
960
1294
1314
1265
1015
594
1467
572
260
770
770
1178
1178
774
938
594
1164
1553
758
1467
1164
1467
1164
1051
1520
6
594
1467
572
257
1311
1622
1467
516
1622
1622
1467
516
1622
257
1311
1622
1467
516
1622
1311
1622
1467
516
1622
1311
1622
1467
516
1622
587
1311
1622
1467
516
1622
1314
987
770
532
950
1116
682
1211
211
531
250
1196
1531
260
1116
881
1467
1052
763
982
763
1531
260
881
1467
1052
763
982
763
1060
525
1515
257
1304
1169
839
1375
84
454
821
525
486
1467
525
704
1467
525
144
1467
144
84
309
84
454
1467
527
109
454
84
309
1232
379
84
1626
62
1545
454
84
1413
62
1545
84
682
84
1626
62
1545
379
1375
1028
188
1444
660
62
1545
1442
309
1232
1493
1196
1531
260
881
1467
1052
763
982
763
718
1205
482
770
309
1232
770
799
927
572
682
1211
1335
309
1232
863
309
1232
793
1294
1380
309
314
770
602
983
1375
1467
878
309
1439
532
1540
319
570
570
682
1540
570
1375
1445
927
1350
260
1211
1111
1527
189
1470
1211
1595
840
1515
1380
1136
1020
260
1211
494
698
1335
328
309
1232
791
287
555
709
1335
163
839
150
915
749
682
1211
839
447
682
188
309
1232
791
7
666
1191
1077
309
1232
379
1632
309
1232
1561
252
556
379
1356
1596
638
1100
309
1356
1277
1380
1191
309
1356
62
1545
532
1613
309
1356
576
1439
309
1356
1101
863
594
1101
309
1356
1199
309
1232
543
454
532
1101
454
1101
481
379
309
1232
454
1101
481
454
532
1101
454
1101
481
454
309
1232
1101
481
454
532
1101
454
1101
481
309
1356
950
1101
481
1101
324
309
1356
1101
1610
1489
309
1232
1101
454
532
1101
1101
481
954
309
1356
1101
1101
309
1356
961
1211
494
1044
1426
638
1005
599
1205
881
1467
1116
881
1467
805
881
1467
805
1314
910
279
1302
817
1042
881
532
758
1467
817
1467
817
1599
1467
817
207
685
1615
912
1287
592
63
124
1056
1115
905
1398
1485
1568
1283
1056
1443
1260
817
1042
1254
65
394
116
279
847
817
409
1136
817
1314
1567
1314
422
873
102
924
620
279
1373
1152
924
1093
244
1329
1093
244
1075
1324
31
806
1125
612
1622
458
1555
1277
397
1555
279
688
279
80
476
1619
458
279
476
847
637
1205
724
1205
1108
758
257
758
591
821
291
758
291
758
359
291
669
1311
1031
114
1459
1205
1619
77
1373
959
666
225
1205
758
880
291
1419
291
793
758
641
12
641
665
1190
758
235
791
122
870
473
653
1015
758
721
275
758
1550
260
1027
1426
336
1205
1375
454
1467
71
454
1467
1051
71
454
1467
1051
144
1482
454
1467
1051
49
890
454
1467
1051
859
890
454
1467
1051
310
890
454
1467
890
454
1467
268
1550
890
454
1467
1550
890
454
1467
890
454
1467
1140
890
454
1467
443
878
890
454
1467
791
1395
890
454
1467
1382
991
82
890
454
1467
890
454
1467
890
454
1467
1333
890
454
1467
890
454
1467
427
890
454
1467
791
890
454
1467
1553
890
454
1467
890
454
1467
1333
890
454
1467
890
454
1467
125
877
890
454
454
387
1482
454
454
1386
287
454
454
262
454
774
762
614
1533
1467
1125
758
1042
525
1051
1472
248
653
144
582
248
1533
1467
1125
758
1042
525
1051
1472
762
473
1031
1051
1472
292
622
1042
1467
1125
758
1042
525
103
767
1371
774
774
1373
1635
291
1281
774
1490
1467
1125
1051
774
1042
1467
1125
758
1042
525
1199
1436
363
774
1490
1467
758
1042
1031
103
1068
784
1467
1125
758
1042
525
1051
1472
774
774
774
774
22
1467
758
1042
1031
774
1467
1125
758
1042
525
1051
1472
774
1570
774
774
393
778
1371
1419
1048
758
774
1419
1048
758
1015
711
379
1545
774
774
1371
664
666
968
491
774
1570
881
1467
1143
758
774
774
1185
1619
37
387
791
774
607
144
1375
1196
1462
1459
364
1311
1467
1459
930
314
1419
1015
1361
1366
1364
1439
644
1407
1464
1272
595
350
1439
555
709
1643
920
1351
806
587
1015
758
280
1616
44
932
1311
1622
1467
516
1622
1373
566
641
1217
1439
487
835
57
1397
881
1467
758
413
758
1042
1543
102
1015
727
758
602
1015
758
557
897
1015
758
1439
1375
586
1015
1410
535
972
274
316
1375
1419
1015
291
1419
1015
1328
1619
112
1134
461
565
720
932
934
658
832
863
520
653
387
758
821
1200
758
1042
719
446
758
1042
210
1314
535
666
257
587
1311
1622
1467
516
1622
750
1459
364
1311
1467
1459
475
51
1520
758
291
359
291
1619
110
1619
63
785
291
821
758
821
384
122
1255
758
1596
257
587
1311
1622
1467
516
1622
1311
1622
1467
516
1622
1311
1622
1467
516
1622
1311
1622
1467
516
1622
212
1553
731
774
682
226
1419
1314
1286
1582
1550
115
580
750
602
943
805
432
1537
1304
1596
24
666
827
527
827
572
63
244
257
1311
1622
1467
516
1622
587
1311
1622
1467
516
1622
1311
1622
1467
516
1622
1311
1622
1467
516
1622
257
587
1311
1622
1467
516
1622
587
599
881
1622
1467
516
599
1282
1619
1047
1381
1553
85
1553
677
1084
1553
1467
1051
481
920
1251
1323
481
1550
731
458
886
1226
1178
870
1610
1545
836
1156
308
545
1333
9
870
545
1333
1582
1553
1420
1316
283
62
1545
450
545
9
1178
28
62
1140
85
1051
306
442
1419
1015
442
275
1211
1314
9
749
1294
870
545
1599
9
874
122
1333
834
1553
228
1251
594
481
1619
1047
202
481
1553
545
1014
450
1553
1550
870
1333
1251
594
28
1375
469
1051
6
1553
1518
1553
1068
545
821
1333
277
1356
545
545
1333
1553
1375
1375
469
212
6
481
1550
1553
545
1553
1375
742
545
1014
677
1488
1545
1026
1460
1413
892
702
249
257
816
309
1605
1641
525
1467
1164
525
226
1417
450
776
1424
1265
411
353
1467
1164
1599
525
35
1467
1164
525
1019
411
1482
1467
1164
525
411
1482
1467
1164
1051
525
411
1467
1164
1333
525
411
1482
1467
1164
525
411
353
1467
1164
525
35
1467
1164
878
525
35
1467
1164
1290
525
309
462
584
159
1599
736
1467
1164
1599
525
762
1365
1404
736
1467
1164
1051
584
159
1599
736
1467
1164
1599
525
762
1365
1404
736
1467
1164
1051
584
159
1599
736
1467
1164
1599
525
762
1365
1404
736
1467
1164
1051
584
159
1599
736
1467
1164
1599
525
762
1365
1404
736
1467
1164
1051
774
1416
1467
277
1098
1333
1467
1164
591
306
1467
1164
1599
1467
1098
1048
1467
1041
1061
1048
1431
1048
1048
178
584
1048
584
762
1420
1098
762
652
1174
309
1556
584
1164
205
770
1315
518
1579
965
1608
1534
965
1608
1608
1431
1048
1048
178
584
1048
584
257
1282
770
257
881
1467
1052
763
982
763
915
1166
859
558
638
344
758
821
1042
344
961
257
881
1467
1052
763
982
763
915
1081
1420
859
83
915
1445
682
257
1116
881
1467
1052
763
982
763
1284
602
855
54
1251
594
1363
1205
1322
880
1314
417
738
1420
1289
1599
1553
1156
929
6
821
873
1051
1068
653
881
1467
1051
1518
1467
1467
821
6
1051
1518
1553
1068
1553
821
653
821
1553
821
821
1599
1553
1333
1467
1420
1467
1420
1333
1553
1051
1015
582
1312
1312
607
1533
1051
1587
1533
607
770
1553
525
6
1051
770
582
1333
447
655
1553
890
565
1397
350
44
956
312
65
1493
1288
1493
1348
619
1463
322
1532
122
1553
806
534
1051
677
1048
377
1051
806
65
1051
677
1497
1553
102
1497
1051
1103
1518
1373
624
65
1577
65
442
712
1051
589
442
468
1521
1545
1051
589
1420
1051
63
1333
950
1373
1569
572
638
29
865
306
427
950
1078
829
63
669
458
1191
1375
17
122
1534
253
130
56
614
1534
1419
1151
1463
311
1493
1619
215
1311
1601
1116
1125
758
1042
547
1467
1125
1051
442
535
1305
257
1164
1311
1622
1467
516
1164
1622
1164
587
1311
1622
1467
516
1164
1622
257
1116
881
1467
1052
763
982
763
202
1610
311
1467
547
1375
594
1540
1540
773
773
773
773
773
1075
1298
1375
257
881
1467
1052
763
982
763
1527
692
257
881
1467
1052
763
982
763
1515
326
1156
546
632
692
782
1576
1311
1622
1467
516
1622
599
1311
1622
1467
516
1622
599
1333
72
915
1333
1508
1633
1333
788
1322
606
1304
931
84
65
411
1622
84
65
100
525
594
204
84
84
65
100
525
594
204
1311
1467
516
1595
878
547
1467
878
878
547
1467
878
878
547
1467
878
1311
1467
516
1116
878
547
1467
878
1333
791
547
1467
1333
791
878
547
1467
878
938
791
547
1467
938
660
362
1311
1467
516
1116
878
547
1467
878
878
1395
547
1467
878
638
758
1042
366
881
1335
257
587
1311
1622
1467
516
1622
276
1314
257
682
1232
35
666
1067
1314
638
257
1304
385
257
499
1156
257
92
814
336
877
821
1156
916
799
305
627
1508
1597
770
703
535
458
821
1053
1314
814
458
441
821
938
826
961
1251
594
821
1467
1467
1467
1012
442
770
525
535
931
387
409
1498
245
758
1042
1433
599
1205
881
1622
1467
516
599
587
881
1622
1467
516
599
805
1322
1284
1314
1572
792
602
1116
1615
1375
937
1375
790
1375
937
1375
1304
257
1116
881
1467
1052
763
982
763
881
1467
1052
763
982
763
881
1467
1052
763
982
763
1201
1205
257
881
1467
1052
763
982
763
1116
881
1467
1052
763
982
763
257
1311
1622
1467
516
1622
1311
1622
1467
516
1622
599
1311
1622
1467
516
1622
599
1311
1622
1467
516
1622
1311
1622
1467
516
1622
1314
93
915
257
62
1190
1314
915
1314
98
62
1140
525
1375
84
1553
122
1092
774
395
791
535
277
1333
62
1140
62
1140
1553
1092
525
1333
62
1140
62
1140
50
1497
997
619
1375
1335
62
1140
1488
1333
619
1151
1333
619
1151
1375
997
178
1310
62
1140
1488
619
62
1140
1488
1551
62
1140
1488
178
1310
1520
62
1140
1488
178
1310
194
62
1140
1488
178
1310
62
1140
1488
1375
1335
62
1140
1311
62
1140
599
1314
1320
70
62
213
619
77
752
1333
1314
1575
62
1140
1333
1420
669
306
1604
1498
1205
62
1140
1335
1488
1015
1528
1015
943
377
1470
1431
147
1448
858
4
1528
1015
100
84
552
1470
4
808
100
84
1080
100
84
389
389
365
1100
943
377
718
943
1528
1363
552
1398
1314
199
683
943
377
1528
284
1128
1116
881
1467
1052
763
982
763
257
1311
1622
1467
516
1622
587
1311
1622
1467
516
1622
587
164
257
881
1622
1467
516
599
316
602
1196
1462
1459
364
1311
1467
1459
1196
1459
364
1311
1467
1459
684
269
877
580
1619
189
1459
364
1622
1518
986
1622
1459
1311
1619
1527
692
1493
602
1311
1467
1459
602
840
1459
364
599
587
1116
805
599
901
1455
599
1578
684
269
877
580
1459
364
1311
1467
1459
599
1205
881
1467
1116
881
1467
805
881
1467
805
1350
836
257
215
1147
1314
1312
673
353
254
19
1395
1493
316
836
962
1350
260
1453
461
482
821
1561
1311
1622
1467
516
1622
1304
336
552
677
905
1045
712
1200
1214
543
10
1493
1111
1488
1335
188
881
1467
836
1099
1531
758
1042
1051
870
1518
1233
1191
1077
1026
1314
1018
257
1020
839
580
540
821
758
1042
821
80
874
989
65
1051
260
682
854
1527
1099
1531
644
1205
1527
1363
1527
682
1211
1314
62
669
276
353
62
1616
62
1045
881
366
572
1439
821
602
49
675
1026
1553
1460
540
473
721
1012
949
67
721
1553
211
758
1196
67
50
758
257
1311
1622
1467
516
1622
599
638
1335
594
927
1232
572
790
1283
1164
1335
1164
1164
1164
552
63
1544
244
752
629
1508
770
1281
1508
1424
654
532
122
595
1051
100
595
1553
687
257
1311
1622
1467
516
1622
1437
1155
1573
260
344
1616
881
1467
836
874
1531
731
798
1616
881
1467
1347
1196
1531
215
258
257
1311
1622
1467
516
1622
260
881
1467
836
874
1531
731
987
373
1016
350
279
775
746
339
1616
1304
257
587
1311
1622
1467
516
1622
1311
1622
1467
516
1622
257
1196
1531
881
1467
836
874
1531
731
257
881
1467
836
874
1531
731
277
938
826
824
144
1467
144
479
1363
870
63
547
938
826
295
1518
938
826
63
257
1467
814
1314
1453
704
1232
888
1581
55
895
897
682
543
74
543
1453
1373
84
1406
943
1480
1165
1614
543
594
535
1587
144
178
178
1467
547
547
547
1467
547
547
547
1467
547
547
547
1467
547
547
547
1467
547
547
1454
547
1467
547
547
547
547
1311
1467
516
1116
547
547
1467
547
547
1311
1467
516
1595
547
547
1467
547
547
1494
1014
77
790
248
552
162
1463
1333
344
96
591
1014
580
1553
6
1373
1460
1338
1619
947
1333
947
1544
1375
1419
1015
1619
307
1085
1375
170
1095
1491
824
1101
1422
1474
1441
1098
349
115
415
349
42
881
115
1467
349
1029
1635
732
1002
1421
285
65
1375
1101
1101
1404
1075
573
1075
1101
379
1196
1312
1375
1375
754
1312
349
1312
434
927
1068
860
349
1375
115
415
1375
429
1131
1153
349
573
1375
1107
996
91
690
1559
758
1314
1129
1438
287
758
182
94
265
682
522
517
806
1015
468
1548
10
961
1275
774
63
943
1558
458
1311
1467
1459
161
306
894
458
894
76
602
1364
1314
387
774
762
614
1533
1467
1125
758
1042
525
122
377
789
653
1467
268
535
50
294
47
1467
1467
525
1482
47
1012
1467
1467
525
881
1518
1467
1273
1556
943
1518
682
522
1467
1383
265
651
1570
1156
1257
47
758
1129
1557
1449
1373
508
1492
1212
1618
710
602
1451
1314
29
1467
1051
144
212
6
1460
590
813
894
894
1216
894
77
894
591
1251
594
294
798
149
47
389
1080
350
540
934
558
447
350
212
6
1467
1051
144
755
666
735
1594
1553
6
1605
862
376
602
376
602
854
1619
215
1311
1467
1459
602
1439
525
741
1314
915
1335
1311
1467
1601
1125
758
1042
547
1467
1125
1051
755
1314
65
1311
1095
796
333
1025
1523
848
1512
381
1339
1419
117
1533
1415
1364
602
350
894
102
602
210
894
102
602
564
210
1603
894
558
894
1451
1437
894
883
1232
497
1266
1518
260
1595
1043
1149
653
881
1622
1467
516
1129
599
881
1622
1467
516
599
355
881
1622
1467
516
355
881
1622
1467
516
1453
80
767
1467
989
1567
829
1448
1311
1467
599
1476
80
770
1605
805
1311
1622
1467
516
1622
599
967
1102
63
1493
587
1595
1529
1304
1363
50
257
1311
1622
1467
516
1622
1491
1488
821
1549
1518
1373
1518
821
310
1553
1518
1294
1196
62
1051
466
915
1619
84
1553
1129
870
62
62
1553
666
968
1211
881
1467
836
874
1531
552
1363
915
62
148
1314
62
1314
257
525
1363
915
62
310
1553
1314
1497
62
1518
1518
62
62
1051
62
821
6
1051
1518
137
1553
989
821
84
1553
1129
870
62
968
323
310
1553
1518
62
6
1051
1518
676
1373
1196
1553
1129
870
62
661
914
1313
1164
183
1061
660
1546
1041
1610
770
481
786
770
702
911
1164
540
677
386
1098
179
1237
765
1265
1098
277
1098
122
1164
128
1420
411
183
1587
183
1232
183
65
128
1302
362
1098
1265
687
1164
1453
1265
890
567
386
1098
677
1164
1212
540
1227
469
543
183
65
1051
122
1051
65
1164
1164
192
689
677
736
100
1285
736
610
1353
115
115
1227
1227
469
543
183
65
1051
65
1164
1164
192
689
677
736
100
1285
736
610
1353
115
115
1227
1227
469
543
183
65
1051
65
1164
1164
192
689
736
100
1285
736
610
1353
115
115
183
1232
1051
65
1164
1164
192
689
736
100
1285
736
610
1353
115
115
1051
65
1164
1164
192
689
736
100
1285
736
610
1353
115
115
1051
65
1164
1164
192
689
736
100
1285
736
610
1353
115
115
1051
65
1164
1164
192
689
736
100
1285
736
610
1353
115
115
1051
65
1164
1164
192
689
736
100
1285
736
610
1353
115
115
1051
65
1164
1164
192
689
736
100
1285
736
610
1353
115
115
1051
65
1164
1164
192
689
736
100
1285
736
610
1353
115
115
1051
65
1164
1164
192
689
736
100
1285
736
610
1353
115
115
1227
1015
1164
353
489
353
183
458
1313
458
183
240
183
183
122
1553
677
344
1051
65
1234
458
183
1015
183
1232
677
840
1619
882
1067
540
1553
77
36
1420
606
1644
1111
915
1611
1550
915
377
1204
915
1314
1156
518
1553
1096
859
1129
881
1518
1333
821
831
1068
982
821
982
982
859
1129
62
1375
881
1518
758
1420
915
1312
859
915
881
1518
758
1420
70
1312
859
70
1375
1550
1196
481
1550
652
989
859
1518
62
532
1201
257
587
1491
816
1553
870
292
1420
1304
1619
1205
1595
161
821
257
1311
1622
1467
516
1622
1497
231
1553
535
122
388
260
821
350
1314
915
806
623
1051
253
84
169
1038
69
805
1081
1375
821
821
1375
1311
1622
1467
516
1622
599
816
657
824
1205
1274
1619
1232
1274
1304
1618
814
1314
1015
498
1584
719
591
1333
668
677
82
252
1610
82
677
617
234
599
1205
881
1467
1116
881
1467
805
881
1467
1141
309
1622
1537
1467
802
1405
1015
382
802
802
1386
1405
17
1405
1311
1622
1467
516
1622
587
587
257
587
1311
1622
1467
516
1622
790
1571
1460
1619
257
499
32
929
171
551
1460
10
112
1205
304
1232
150
1311
1622
1467
516
1622
1311
1622
1467
516
1622
257
587
1311
1622
1467
516
1622
1311
1622
1467
516
1622
1619
1375
1205
293
870
1375
532
50
1075
1312
1312
47
1312
1312
1067
189
805
551
602
115
1553
824
754
821
615
307
1038
591
1488
1337
1534
447
950
727
65
1623
1568
100
1333
1311
1622
1467
516
1622
599
1311
1622
1467
516
1622
599
525
387
45
917
1437
406
1619
406
840
666
1419
1314
1611
406
525
1305
309
435
791
694
1304
1338
1595
540
1314
1472
745
1370
1314
1439
387
610
599
344
257
1064
1229
960
404
1585
1024
1570
28
1585
660
257
587
1311
1622
1467
516
1622
1311
1622
1467
516
1622
1311
1622
1467
516
1622
1311
1622
1467
516
1622
184
312
65
120
702
1443
1377
594
207
711
1335
1619
933
1443
1300
1278
257
1116
881
1467
257
881
1467
257
881
1467
442
852
1622
258
387
653
359
379
1003
774
387
1115
653
81
1639
852
1622
995
666
1619
653
1619
63
1015
1622
1619
1608
1351
338
749
1304
1619
307
1270
644
1314
1361
122
791
1619
307
653
344
244
924
248
653
774
774
762
614
1533
653
535
50
306
653
1012
762
979
306
1012
458
850
1012
77
1467
878
1467
878
1395
1012
248
1014
1012
248
1012
1135
1315
1135
1315
1012
77
1012
77
201
201
1012
77
1467
1012
248
1467
1012
248
1599
1012
248
172
1012
248
1467
1135
885
1012
525
248
1012
77
1189
1278
1012
248
1135
1545
1135
1545
1012
77
1436
1012
938
762
968
294
1012
535
1171
294
212
881
758
1431
1195
881
758
1518
212
1570
540
1314
535
307
791
1375
791
1619
774
1190
1314
35
221
791
1375
562
1116
1616
654
878
931
1619
406
791
1077
1034
193
429
989
54
1077
211
1395
934
272
653
610
653
914
666
1457
774
98
660
298
1509
353
791
1570
1178
388
774
562
380
660
51
746
1291
1616
1311
791
878
1278
257
532
1273
587
1311
1622
1467
516
1622
587
1311
1622
1467
516
1622
828
1111
738
1335
738
189
805
344
1439
387
669
13
486
242
13
486
242
13
486
242
13
486
242
486
242
486
242
257
1311
1622
1467
516
1622
1595
1524
1498
1205
1553
1460
1067
189
1437
163
1205
1147
142
881
545
1428
1467
705
1196
861
1311
1622
1467
516
1622
602
1201
1334
410
163
1335
257
587
1311
1622
1467
516
1622
1311
1622
1467
516
1622
257
1311
1622
1467
516
1622
587
1311
1622
1467
516
1622
1196
1462
1459
364
1311
1467
1459
1196
1459
364
1311
1467
1459
1478
311
311
676
1633
1051
1420
938
298
442
1051
791
14
805
1619
189
1459
364
1622
1518
986
1622
1459
1311
1619
1527
692
1493
602
1311
1467
1459
602
840
1459
364
599
587
1116
805
599
901
1455
599
1578
1478
311
599
1578
1051
468
298
450
298
1619
839
1178
1553
791
1641
647
1294
232
929
298
1553
122
257
1311
1622
1467
516
1622
1311
1622
1467
516
1622
1190
1116
257
805
1314
1161
257
805
528
758
718
816
758
1468
758
430
1122
335
1311
1467
516
1595
212
6
878
1395
547
1467
878
1395
547
878
1395
547
1467
878
1395
1395
878
1395
547
1467
878
1395
878
1395
547
789
1395
6
878
1395
458
1467
878
1395
878
547
1467
878
878
547
789
878
6
1627
547
1467
1627
1627
547
789
1627
6
1205
1535
1232
471
791
582
382
467
471
1627
1372
915
682
1311
1622
1467
516
1622
599
1311
1622
1467
516
1622
599
1311
1467
516
1116
212
6
878
1395
547
1467
878
1395
878
1395
547
1467
878
1395
547
878
1395
547
1467
878
1395
878
1395
547
1467
878
1395
878
1395
547
1467
878
1395
878
1395
547
789
1395
6
878
1395
458
1467
878
1395
878
1395
458
1467
878
1395
878
547
1467
878
878
547
789
878
6
1627
547
1467
1627
1627
547
789
1627
6
816
1627
535
63
1238
1311
62
1140
355
587
1538
1026
1419
1497
1375
1497
1497
1307
1314
1311
1622
1467
516
1622
1311
1622
1467
516
1622
257
1164
881
1467
1052
763
982
763
1164
1116
881
1467
1052
763
982
763
552
279
1485
1494
187
943
1395
22
447
938
194
1196
219
929
1314
1582
1553
1567
1510
257
257
881
1467
1052
763
982
763
1116
881
1467
1052
763
982
763
881
1467
1052
763
982
763
1437
839
338
1147
215
244
422
599
1375
584
1504
938
200
533
937
1027
1395
1333
1423
1375
257
1311
1622
1467
516
1622
587
1311
1622
1467
516
1622
1238
653
1460
1116
412
1553
95
1553
1147
43
551
495
1553
145
669
1015
1333
608
145
1467
1553
950
1116
28
44
1015
495
1068
1570
1196
1619
989
1553
1068
495
1051
6
1553
506
1619
63
1553
1068
821
744
158
1193
1015
1051
122
1129
1553
1196
1124
1129
599
1205
881
1622
1467
516
599
805
881
1622
1467
516
599
805
881
1622
1467
516
599
587
535
494
458
924
1116
71
62
532
1196
1459
364
1311
1467
1459
525
210
1051
1104
1051
1051
1421
1619
189
1459
364
1622
1518
986
1622
1459
1311
1619
1527
692
1493
602
1311
1467
1459
602
840
1459
364
599
587
1116
805
599
901
1455
599
1578
525
210
1051
692
602
1408
1304
881
1622
1467
516
599
805
881
1622
1467
516
599
805
881
1622
1467
516
599
805
1375
242
1300
821
821
727
905
387
727
1302
527
1485
387
727
1379
960
1375
257
1311
1622
1467
516
1622
1636
821
179
1345
51
1130
738
450
257
587
1311
1622
1467
516
1622
257
881
1467
1052
763
982
763
881
1467
1052
763
982
763
881
1467
1052
763
982
763
881
1467
1052
763
982
763
881
1467
1052
763
982
763
881
1467
1052
763
982
763
881
1467
1052
763
982
763
881
1467
1052
763
982
763
881
1467
1052
763
982
763
881
1467
1052
763
982
763
881
1467
1052
763
982
763
881
1467
1052
763
982
763
881
1467
1052
763
982
763
1515
606
562
245
309
532
535
1362
1375
774
55
1467
547
659
57
1279
1467
727
623
1467
1467
727
1048
1467
1375
874
929
1314
1164
663
6
55
826
733
316
277
827
458
1164
1277
1156
929
1047
816
525
694
344
244
1375
1156
1205
1603
1460
1077
877
1511
1460
1619
1462
1364
601
309
1015
1300
1186
11
342
1460
540
1205
580
1395
946
881
1488
982
982
982
535
580
637
30
943
242
567
38
1304
396
1304
682
880
63
738
248
51
260
821
387
1054
486
1581
826
339
1173
1015
1300
100
1154
1351
1251
1015
1300
936
1015
100
1154
740
380
1302
1378
257
165
1302
380
1398
1515
1398
1373
1492
1182
575
1294
10
915
387
447
1146
509
1328
1328
924
1373
944
1116
1153
602
1498
97
1076
1026
1619
870
1119
1013
1153
602
1515
33
1343
60
1205
821
164
388
287
931
525
620
1343
60
1087
1570
791
1373
614
1570
1570
1143
1363
669
1370
1372
599
1088
1570
791
1375
84
1570
660
1375
1373
791
1335
503
65
660
122
474
602
1563
257
805
881
1622
1467
516
599
1351
878
1395
1015
1278
257
387
1311
1467
1317
820
1347
915
1314
257
1311
1622
1467
516
1622
1311
1622
1467
516
1622
105
1164
915
1370
1205
1578
763
881
1467
1578
763
881
1467
1314
1015
1153
1205
870
1012
242
13
828
1363
458
524
935
1473
257
881
1467
1052
763
982
763
1493
1473
949
164
257
881
1467
1052
763
982
763
1116
881
1467
1052
763
982
763
242
13
324
122
1200
115
1333
1012
242
13
1333
540
277
877
702
257
587
1311
1622
1467
516
1622
1311
1622
1467
516
1622
1314
410
1164
1051
6
853
877
1363
669
257
344
1373
1619
1293
282
1293
1033
858
1488
1619
858
572
794
711
739
257
881
1467
1052
763
982
763
905
1489
1619
626
1184
215
1375
969
1467
1290
1084
18
1301
18
1214
1534
1534
18
368
824
1534
1128
570
1128
1301
1214
1534
1534
1301
1158
1615
18
1421
543
1467
115
1290
1277
375
858
1277
540
1314
1217
1619
1205
599
1205
881
1622
1467
516
599
587
881
1622
1467
516
599
805
881
1622
1467
516
599
638
1335
1311
1622
1467
516
1622
599
257
1314
805
1061
1205
805
499
1479
353
791
416
63
1555
1373
938
1420
132
1048
791
1420
1167
1314
334
399
473
539
948
230
1404
353
309
532
1215
287
1404
1587
309
532
63
948
442
974
458
669
1373
1492
1277
1335
205
1515
257
1304
1335
1088
974
458
547
612
762
877
1467
547
532
1541
1093
309
309
614
547
211
104
669
1373
1215
458
334
897
1566
572
974
458
1173
1232
938
927
458
399
974
458
1375
1619
1515
111
938
594
552
525
62
1140
1314
1575
525
62
1140
525
552
1140
573
1304
682
226
1515
521
1238
525
1515
525
62
1140
1493
1051
6
1605
1575
62
1140
1515
62
1140
1238
1375
411
62
1140
1538
1092
525
1092
84
1140
65
1312
1140
1356
1140
1068
411
772
1092
62
1140
1538
1092
525
1092
1375
1375
122
62
1140
1538
1092
525
1092
1140
1092
1375
225
1097
774
258
1238
62
1140
125
877
1097
962
1515
1561
280
1375
454
62
1140
62
1140
525
62
1140
1453
818
584
359
85
85
527
774
1312
359
85
527
1232
1068
1311
1232
1232
1068
927
1068
85
246
879
1232
1232
1068
1232
1232
1068
1232
1232
1068
1232
1232
1068
572
1232
1232
1068
1283
1232
1232
1068
1232
774
818
584
62
1140
62
1140
525
277
62
1140
527
1424
85
178
1424
85
62
1140
100
85
727
277
62
1140
62
1140
85
525
62
1140
100
85
727
1446
277
62
1140
62
1140
85
525
62
1140
100
85
727
277
62
1140
62
1140
85
525
62
1140
100
85
727
62
1140
62
1140
85
525
62
1140
100
85
727
62
1140
62
1140
85
525
62
1140
100
727
62
1140
62
1140
525
62
1140
100
727
1048
62
1140
62
1140
525
1041
1061
1048
1048
178
584
1048
584
740
178
603
1436
603
1534
1436
603
1301
1436
603
1301
178
603
1534
1301
1534
62
1140
100
85
727
277
62
1140
62
1140
85
525
740
178
359
85
527
215
359
85
85
527
1467
144
1467
144
1012
1467
144
1431
1467
144
1012
1467
144
178
1467
144
1467
144
1012
1467
144
1467
144
1012
1467
144
1467
144
1012
1467
144
1431
1467
144
1012
1467
144
178
359
85
1464
1464
359
85
6
359
85
6
359
85
6
359
85
6
359
85
6
1375
638
85
6
906
49
1553
422
62
1140
215
1314
1424
62
1140
1140
573
1373
1045
857
573
1140
260
1211
63
840
552
1140
573
510
85
6
521
1238
1146
408
62
1140
1153
1238
1375
62
1140
1538
1092
1153
525
1092
1140
1153
1375
1003
1147
85
6
77
62
1140
85
6
655
826
77
62
1140
1515
62
1140
552
931
525
63
599
669
51
1375
1333
572
1467
657
752
752
821
1333
1333
572
1467
657
752
752
821
1333
1375
1333
1553
1619
1375
1333
572
1467
657
752
752
821
1333
1333
572
1467
657
752
1333
1333
572
1467
657
1259
752
1333
1333
572
1467
657
752
752
821
1333
1333
572
1467
657
752
752
821
1333
1375
950
1420
163
1335
1510
1333
1619
171
1314
1515
1439
525
552
1553
840
257
587
1304
1311
1622
1467
516
1622
1372
587
1311
1622
1467
516
1622
961
1051
598
80
1420
731
452
458
1304
809
688
28
1205
1205
1106
1043
1149
587
653
881
1622
1467
516
1129
599
881
1622
1467
516
599
355
881
1622
1467
516
355
881
1622
1467
516
749
816
257
1311
1622
1467
516
1622
1338
816
666
568
307
1055
783
874
257
587
1311
1622
1467
516
1622
892
898
1619
918
257
805
387
897
1314
353
1311
1104
1467
1123
1205
881
1622
1467
516
599
805
881
1622
1467
516
599
587
881
1622
1467
516
599
805
881
1622
1467
516
599
1493
924
1364
212
6
525
525
226
1305
721
1051
1051
580
360
721
666
212
6
1364
1051
580
360
1599
881
657
1042
1396
1153
1051
1162
115
1277
1003
535
292
1335
821
1373
1553
821
1156
1594
821
1075
84
1003
1494
821
1121
821
1549
144
821
821
419
793
178
1075
346
821
1147
1205
1205
587
1311
1622
1467
516
1622
1201
1205
1304
803
49
551
1205
881
1622
1467
516
599
805
881
1622
1467
516
599
587
805
881
1622
1467
516
599
805
881
1622
1467
516
599
6
740
821
525
944
144
821
550
525
1205
1205
77
49
1035
577
821
821
800
525
257
1126
5
1205
881
1622
1467
516
599
587
881
1622
1467
516
599
805
881
1622
1467
516
599
805
1333
384
351
510
1420
345
226
1186
384
1619
1381
532
1015
122
1395
1109
938
422
1420
677
808
518
122
532
827
277
1109
1628
938
1420
532
552
757
1314
540
106
1596
551
827
80
1581
1016
888
1333
1312
827
1015
1300
827
938
362
827
591
382
1352
426
1315
28
1144
255
277
504
1420
827
277
774
901
518
1420
535
677
411
28
551
384
1251
351
80
1420
1016
552
525
1460
1619
1309
481
842
86
1048
384
1098
1048
1051
122
1395
1585
1335
770
1467
774
46
364
762
1467
552
525
63
1460
1042
1457
1460
1460
210
916
164
1467
1051
516
1467
1467
62
1545
350
816
1311
1622
1467
516
1622
257
881
1467
1052
763
982
763
1534
914
1467
1125
1051
614
1615
1518
1129
1518
1587
18
224
1047
1069
1500
1246
1054
873
876
31
447
494
1619
1217
1635
1373
695
287
279
1026
222
764
417
892
552
682
257
1311
1622
1467
516
1622
1311
1622
1467
516
1622
535
1413
1019
80
1362
1266
1047
1467
268
540
1438
203
965
1550
257
62
532
687
1304
453
1094
62
532
535
666
257
821
532
1619
339
1553
1168
427
1311
1622
1467
516
1622
599
696
257
1314
1323
558
486
938
956
1196
486
1518
35
62
164
1012
1605
208
360
87
1367
158
177
1314
602
655
62
1596
924
1587
481
1550
1051
894
248
1347
62
1140
1051
859
1016
938
826
47
306
1371
1358
387
810
1253
535
50
47
359
1599
88
291
1482
47
1012
359
1599
88
881
574
1273
1556
943
1518
682
522
574
1383
265
651
291
727
50
291
727
291
727
291
727
1467
1125
1051
50
1467
1125
1051
122
1467
1125
1051
614
1467
758
1042
1467
758
1050
727
614
1467
758
1050
727
614
1467
758
1050
727
614
1467
758
1050
727
1467
758
1050
727
1467
758
1050
727
1467
758
1050
727
614
1467
758
1467
758
614
1467
758
614
1467
758
1467
758
547
1436
603
1534
1436
603
1301
1436
603
1301
178
603
1534
1301
1534
1617
363
363
363
1617
363
363
1454
363
1617
363
363
363
1617
363
363
547
363
740
291
1171
1482
47
1012
359
1599
88
881
574
1273
1556
943
1518
682
522
574
1383
265
651
291
727
291
727
291
727
50
810
417
481
731
62
1140
525
1275
929
1371
62
1140
915
718
840
1314
1067
999
1507
292
943
758
1518
380
465
1467
1453
1196
1581
558
1060
674
1251
1467
788
729
1426
1214
527
309
532
279
486
938
107
294
306
1266
1252
556
931
1596
717
1518
1467
1467
1627
1467
1627
1012
1467
1627
1012
1467
791
1467
791
1012
1467
791
1012
1467
1599
1467
1599
1012
1467
1599
1012
1467
1467
1012
1467
1012
812
1467
812
791
1467
812
791
1012
1467
812
791
1012
1467
812
1599
1467
812
1599
1012
1467
812
1599
1012
1051
310
310
1051
6
310
1051
6
1467
1051
791
1467
1051
791
1012
1467
1051
791
1012
1467
1051
1599
1467
1051
1599
1012
1467
1051
1599
1012
859
859
1051
6
859
1051
6
49
49
1051
6
49
1051
6
543
1467
543
791
1467
543
791
1012
1467
543
791
1012
1467
543
1599
1467
543
1599
1012
1467
543
1599
1012
1467
791
1467
791
1012
1467
791
1012
1467
1467
1012
1467
1012
1467
1477
1467
1477
1012
1467
1477
1012
1467
791
1467
791
1012
1467
791
1012
1467
1599
1467
1599
1012
1467
1599
1012
309
1467
309
791
1467
309
791
1012
1467
309
791
1012
1467
309
1599
1467
309
1599
1012
1467
309
1599
1012
1467
791
1467
791
1012
1467
791
1012
1467
1599
1467
1599
1012
1467
1599
1012
1486
1467
1486
791
1467
1486
791
1012
1467
1486
791
1012
1467
1486
1442
1467
1486
1442
1012
1467
1486
1442
1012
100
1467
100
791
1467
100
791
1012
1467
100
791
1012
1467
100
1599
1467
100
1599
1012
1467
100
1599
1012
878
1467
878
1395
1467
878
1395
1012
1467
878
1395
1012
1467
878
1467
878
1012
1467
878
1012
439
439
1599
439
1599
1012
439
1599
1012
1599
1599
1012
1599
1012
359
479
1486
1486
1012
62
62
1051
62
1051
1051
6
62
1051
1051
6
1140
62
1140
1051
62
1140
1051
1051
6
62
1140
1051
1051
6
558
1497
938
1129
426
1251
674
1528
1518
543
535
1171
294
62
1140
62
1140
1051
6
1051
1081
881
758
774
472
532
758
1553
558
938
826
291
1619
1027
1347
758
943
1129
884
80
1581
826
1561
840
1314
341
957
291
1619
1309
1294
1557
1016
884
1605
943
1218
625
599
257
1314
1311
1622
1467
516
1622
1553
1168
427
587
1311
1622
1467
516
1622
433
525
458
1217
707
1022
1205
316
1104
1304
772
525
1493
1619
1518
1311
1518
1467
1273
1467
1051
1467
1518
525
1467
1518
715
666
535
1457
1314
257
525
924
1467
1518
715
1619
1373
359
125
307
525
1611
1619
666
338
307
525
915
1611
525
915
1625
458
1304
316
316
1086
1261
600
1247
1304
316
1086
924
1467
1518
715
1467
731
1137
866
1304
316
535
666
529
1619
458
525
915
1304
1453
1339
497
148
525
915
1484
925
1619
666
338
287
925
944
752
594
62
1140
85
594
950
85
6
257
1467
760
551
339
927
85
6
1205
713
85
553
927
62
1140
1232
1068
553
927
1068
85
553
1232
1232
1068
879
927
1068
85
879
1232
1232
1068
553
1068
85
553
1232
1232
1068
879
1068
85
879
1232
599
1205
881
1467
871
982
1052
871
1116
881
1467
871
982
1052
871
805
682
1219
1488
1075
1130
514
1075
235
1156
929
1314
141
1311
1104
1467
1123
1375
1333
164
532
1400
506
808
1562
1333
608
1068
1333
1393
6
506
1283
559
1205
1619
77
235
696
35
1314
1304
1600
638
1205
543
1196
1501
791
1619
324
267
624
538
374
267
502
1449
508
682
1531
646
874
495
791
1068
660
1068
267
924
129
71
765
915
1314
189
1595
497
1304
257
1311
1622
1467
516
1622
587
1311
1622
1467
516
1622
1311
1622
1467
516
1622
1334
257
257
881
1467
1052
763
982
763
1116
881
1467
1052
763
982
763
277
1356
411
1356
594
1619
1064
821
277
1356
989
277
1356
772
1420
55
826
411
1356
989
1525
277
1356
251
483
55
826
211
718
1356
1529
277
1356
402
1429
1335
1173
1333
260
1446
1561
1333
1333
1016
1453
950
1333
1333
772
1453
1070
532
122
1526
260
1243
1605
1084
377
153
277
1070
532
122
1114
277
1356
80
1333
1420
934
423
481
1333
1420
598
690
807
1070
1305
89
51
277
1150
1619
1170
940
1420
257
881
1467
1052
763
982
763
682
1587
207
718
1211
737
813
411
1356
277
1356
1217
244
1375
1388
532
881
1467
1116
547
1467
727
982
982
354
1156
781
1348
1070
1232
277
1356
424
257
881
1467
1052
763
982
763
276
80
1587
1333
585
91
10
425
1569
821
277
1333
277
666
63
821
277
1619
492
1333
1619
336
458
821
1454
1639
1314
728
1467
1452
425
1569
821
1311
1104
1467
1123
258
1042
938
702
982
702
821
1454
901
1597
330
1314
1015
986
479
406
986
144
602
1515
1009
1156
466
602
76
816
525
915
816
257
587
1311
1622
1467
516
1622
1311
1622
1467
516
1622
525
1311
1622
1467
516
1622
1311
1622
1467
516
1622
525
1311
1622
1467
516
1622
1311
1622
1467
516
1622
1561
277
389
1561
362
1561
447
1238
653
1460
1463
1277
1104
1311
1622
1467
516
1622
599
1311
1622
1467
516
1622
599
1311
1622
1467
516
1622
599
1311
1622
1467
516
1622
257
1116
881
1467
1052
763
982
763
591
1290
1579
784
1147
1520
1113
821
784
525
1520
1290
1068
178
1075
257
612
587
1311
1622
1467
516
1622
602
1534
830
145
772
1605
1130
1068
6
532
1068
1068
83
1375
84
1068
138
821
1467
554
554
1467
554
554
1467
554
554
84
84
576
458
84
576
84
1068
138
821
1467
554
554
1467
554
554
1375
257
612
587
1311
1622
1467
516
1622
350
961
1211
567
1314
277
543
770
532
486
55
826
1238
1015
1181
969
6
6
821
873
881
349
1312
927
1068
784
927
1068
1196
784
927
1068
186
784
186
349
100
860
100
594
1362
1443
100
1068
784
100
594
100
362
543
6
1181
277
543
1453
1191
770
260
216
552
1015
1581
244
770
1015
594
532
1299
486
888
6
821
873
881
881
1467
881
1467
927
594
927
1068
784
927
1068
1196
784
927
1068
186
784
594
1508
532
594
1508
927
349
1312
927
1068
784
927
1068
1196
784
1196
927
1068
186
784
186
349
100
860
100
594
1362
1443
100
1068
784
100
594
100
594
532
486
1358
1181
594
1196
186
186
1026
616
139
1113
294
772
294
964
1080
420
294
677
224
633
100
1314
257
666
1239
532
122
821
1335
1161
234
986
25
627
100
1335
1375
100
785
1333
712
292
100
1498
35
627
100
986
1274
910
785
1314
532
122
606
1180
951
100
6
309
532
6
1392
1333
1156
929
6
1375
6
821
873
881
881
543
881
1467
881
881
881
1467
881
1467
1264
754
1312
100
209
135
754
1312
209
135
1569
100
1068
856
349
1312
1392
1534
975
303
1534
856
1115
1441
594
7
1312
1392
1014
682
1002
42
1441
682
1534
1232
754
808
1232
1068
927
1068
1333
860
927
1068
860
927
1068
860
349
100
1343
60
1033
1392
1014
860
1115
1375
666
51
1212
1324
1147
1162
1330
1220
774
920
226
100
754
1330
1392
1333
35
1333
1424
100
1333
1026
597
1392
1333
1335
1424
1392
1333
1516
785
808
447
785
128
100
20
808
1359
1375
740
167
100
100
1068
1467
785
1467
785
1467
785
167
785
1375
598
754
1162
35
1375
1248
785
386
1267
1328
103
754
1351
1161
216
1587
1153
458
499
1619
870
100
754
100
1333
1619
100
1333
277
100
1333
3
1510
1314
1161
840
308
1214
682
682
682
62
1140
292
384
1214
1023
821
525
986
308
150
1335
244
1375
127
264
877
1314
547
1314
547
1214
85
62
1140
1507
9
378
540
62
1140
988
9
535
9
211
926
1515
1015
1213
1403
206
828
1604
171
610
62
1140
591
1213
1403
206
85
10
606
1083
458
816
410
1013
24
1587
1021
353
51
910
878
1314
1587
525
878
897
1375
606
828
1111
738
324
1335
738
189
805
1311
1622
1467
516
1622
599
1622
1467
516
1622
599
1284
1375
1205
1205
1314
1015
1164
63
257
1178
532
1413
791
928
963
1058
1161
1314
1197
1467
826
1420
1553
772
193
1051
6
543
1553
1333
1333
1333
1333
1553
1333
772
1453
1333
277
1356
1553
6
1333
277
1356
875
277
1356
1424
1546
949
1251
989
1051
1553
1068
1333
1333
1553
1553
1068
1553
1553
1333
1333
1553
1084
1553
55
51
1499
1251
594
989
1599
1420
1453
161
1619
989
1251
594
211
371
1460
669
1058
525
1426
927
411
1356
1420
78
1613
146
144
277
1356
318
989
277
1356
1420
277
1356
927
277
1356
1420
78
63
1539
1051
960
960
1420
388
287
535
594
1232
927
1467
828
452
1251
594
1251
594
687
938
1420
1251
594
1127
989
1333
1508
277
1356
1613
55
428
1420
552
1619
989
306
1051
432
989
1420
1251
594
1587
481
1550
1619
508
55
826
1461
1314
468
617
1581
277
1356
1333
1582
277
1356
1619
989
1614
650
277
1356
543
1619
808
594
55
55
55
826
1582
770
277
1356
215
989
1333
277
594
1020
1148
1467
1591
1333
1016
1303
1333
1016
54
1212
1344
666
1252
1332
133
1304
1521
924
807
277
1356
1222
277
1015
54
1333
1016
547
185
1084
1553
1420
1466
1147
473
598
1051
6
532
994
277
1356
64
353
1333
938
826
1362
1251
594
772
55
826
1275
772
1333
535
525
913
1084
1051
677
1316
277
1356
1314
279
1485
1039
1449
287
277
287
99
1518
346
1059
277
674
1528
63
920
525
587
257
1116
881
1467
1052
763
982
763
881
1467
1052
763
982
763
881
1467
1052
763
982
763
257
1311
1622
1467
516
1622
587
1311
1622
1467
516
1622
1311
1622
1467
516
1622
859
915
1420
859
1498
307
1420
245
1363
1587
1420
257
1311
1622
1467
516
1622
668
336
628
244
1051
821
391
1382
682
450
758
1042
227
1205
625
257
1311
1104
1467
1123
1309
310
1553
824
1553
798
1299
427
257
1311
1622
1467
516
1622
1311
1467
1459
257
587
1311
1622
1467
516
1622
1311
1622
1467
516
1622
1304
1335
808
758
257
1311
1622
1467
516
1622
1311
1622
1467
516
1622
1375
758
1042
1317
547
1467
1125
1051
547
1467
1125
1051
763
547
1467
1125
1051
1558
1467
758
621
355
1467
758
621
355
573
771
1051
6
532
821
763
821
763
1533
1051
227
614
1532
377
789
1075
819
1075
594
1075
819
1348
870
400
1075
819
1348
870
400
819
1375
257
587
1311
1622
1467
516
1622
1311
1622
1467
516
1622
1439
226
525
80
1205
821
1020
692
1373
863
132
1587
532
36
563
1196
630
535
128
1205
90
241
718
132
1541
58
80
1553
45
1363
1527
1124
525
532
1068
353
682
532
1068
353
350
525
532
1068
353
682
532
1068
353
350
805
1373
532
826
532
353
826
1015
660
1587
770
543
1375
84
1413
84
1443
84
1443
84
682
1375
1619
532
353
826
1068
784
1465
1375
1626
1443
1443
1375
1015
839
532
744
826
1619
1641
770
1015
660
1375
84
65
100
570
594
100
1443
532
486
1300
1467
1443
1375
532
1595
1339
273
1439
226
931
920
525
924
525
463
1000
316
774
1333
1467
1051
791
774
1424
1467
1051
1467
1051
791
525
144
1333
1467
1051
791
50
1497
997
113
113
1467
878
660
821
821
740
50
1497
997
113
113
1467
1627
1014
821
821
581
1314
910
1311
1622
1467
516
1622
599
1311
1622
1467
516
1622
599
1311
1622
1467
516
1622
599
1311
1622
1467
516
1622
599
1311
1622
1467
516
1622
1311
1622
1467
516
1622
257
1311
1622
1467
516
1622
587
1311
1622
1467
516
1622
1311
1622
1467
516
1622
257
1311
1622
1467
516
1622
1116
1311
1622
1467
516
1622
1311
1622
1467
516
1622
1311
1622
1467
516
1622
1156
257
1282
587
1373
531
116
279
126
531
116
279
775
1105
1605
541
377
900
532
279
1254
599
1205
881
1467
1116
881
1467
805
881
1467
805
1210
1579
277
936
870
526
936
461
279
936
682
1201
821
63
821
63
897
609
1003
1130
1636
1256
231
63
552
1364
602
1596
1304
76
602
929
279
63
1327
279
1007
279
1578
763
881
1467
1619
1190
669
1314
62
1140
853
535
455
154
929
216
287
1072
1467
62
1140
1146
56
260
1333
55
826
1041
714
827
1333
777
624
1333
501
393
1554
466
501
501
1513
584
912
851
100
308
624
1333
501
1460
1460
733
21
1333
779
544
161
134
1552
1463
445
828
1460
777
656
819
681
793
1026
1026
752
1014
801
1333
100
205
1420
1275
1147
966
1401
1391
648
670
466
483
1362
178
584
1554
18
483
1467
100
466
501
1467
100
840
1352
1467
100
1467
1374
1467
1374
950
1467
144
1467
144
1467
144
1467
1098
827
1352
178
18
1467
1098
1467
1098
1467
1098
1467
1098
303
1467
1098
1048
1041
1061
1048
1467
1098
1467
1098
1467
734
500
728
1467
734
500
728
1467
734
500
783
1467
734
500
728
1467
734
500
736
1467
144
1467
144
1467
144
1467
144
1467
144
1467
144
827
1467
144
1467
144
1048
178
584
1048
584
818
584
18
128
178
584
466
18
483
178
18
128
1534
178
18
128
18
1467
144
1352
178
18
1467
144
1467
144
1467
144
1467
100
1467
100
1352
1467
100
1048
1467
100
1048
1621
1534
1467
100
1467
1374
1467
1374
1467
1374
1431
1467
1374
1048
1352
1352
1048
178
584
1048
584
108
1268
1302
342
1469
702
154
1381
1092
1553
1381
1553
910
287
1303
1375
84
1051
122
1381
1553
1381
1553
704
1381
1553
881
1381
1553
85
1381
1333
1467
657
1467
657
1014
1381
1333
1467
657
752
1381
1333
545
545
1381
1333
1467
657
752
1381
1333
359
85
85
1381
1333
359
85
85
1315
1381
1333
359
85
85
881
1381
1333
359
85
85
1278
1381
1333
359
85
85
1381
1333
359
85
85
1381
1333
359
85
85
527
1381
1333
359
85
85
1621
1381
1333
359
85
85
1381
1333
359
85
85
1381
1333
359
85
85
6
1381
1333
359
85
85
1381
1333
359
85
85
1381
1333
359
85
85
1360
1381
1333
359
85
85
1426
770
532
1467
1467
6
1381
1333
62
1140
62
1140
1014
1381
1333
62
1140
62
1140
1381
1333
62
1140
62
1140
1381
1333
62
1140
62
1140
85
1381
1333
1467
1467
1381
1333
1467
1467
443
1381
1333
1467
1467
1395
1381
1333
1467
1467
1381
1333
1467
1467
1051
1381
1333
1467
1467
1627
1381
1333
1467
1467
736
84
1051
122
1092
1381
1553
1092
1381
1553
881
1381
1553
881
1381
1553
85
215
677
1333
1467
657
1014
215
677
1333
1467
657
752
215
677
1333
545
215
677
1333
1467
657
752
215
677
1333
359
85
215
677
1333
359
85
1315
215
677
1333
359
85
881
215
677
1333
359
85
1278
215
677
1333
359
85
215
677
1333
359
85
215
677
1333
359
85
527
215
677
1333
359
85
1621
215
677
1333
359
85
215
677
1333
359
85
215
677
1333
359
85
6
215
677
1333
359
85
215
677
1333
359
85
215
677
1333
359
85
1360
215
677
1333
359
85
1426
770
532
1467
1467
6
215
677
1333
62
1140
62
1140
1014
215
677
1333
62
1140
62
1140
215
677
1333
62
1140
62
1140
215
677
1333
62
1140
62
1140
85
1381
1333
62
1140
62
1140
1416
1381
1333
1467
878
1467
878
1140
1381
1333
1467
1290
1467
1290
1140
1381
1333
62
1140
62
1140
1381
1333
62
1140
62
1140
1416
1092
1381
1333
62
1140
62
1140
1381
1333
62
62
1092
1420
62
1140
62
1140
1375
1615
484
682
1363
1314
821
1381
554
808
532
1586
816
144
742
1314
1619
1462
144
821
1411
805
271
1304
788
535
1309
458
591
620
479
1170
460
62
1140
1216
479
1249
535
1241
154
1530
1089
1425
1217
547
1567
540
1314
840
1067
920
1026
1619
346
1460
574
543
1153
574
839
1619
1431
373
1311
1273
637
294
1375
1384
469
397
294
215
943
1380
1518
637
1312
637
469
617
881
1273
1520
1273
505
1616
1223
1520
1258
1311
1616
1223
1311
1616
1311
1273
1520
505
984
958
469
1373
469
1384
959
397
294
215
943
1380
1518
637
1312
637
397
294
215
943
1380
1518
637
1312
637
959
1375
63
881
649
1619
1570
211
1205
62
62
291
164
1419
1136
458
474
1619
897
257
1311
1622
1467
516
1622
1311
1622
1467
516
1622
1311
1622
1467
516
1622
587
1311
1622
1467
516
1622
488
1333
986
1371
821
1333
956
1371
1333
1333
897
55
1333
451
682
762
1253
1166
556
55
762
682
294
55
100
1012
144
1059
1467
115
402
700
1162
309
1356
454
1333
779
122
277
682
1619
884
1375
677
55
100
1012
1453
1333
532
55
100
1012
260
55
100
1012
55
100
1012
1375
1515
552
1081
388
287
1363
1205
870
881
649
1294
1104
558
1107
1314
758
1081
1311
1104
1123
1467
753
1232
703
214
1178
870
1375
881
649
1375
929
938
594
1363
669
294
1494
881
527
1196
649
881
573
1205
704
653
1587
704
783
1311
1123
704
294
1314
1314
39
704
653
1124
847
122
1015
881
1351
122
881
758
1467
1420
1467
1420
1328
1467
1420
1328
1012
774
309
1375
740
1315
527
46
881
1642
1375
881
758
1467
1420
1467
1420
1328
1467
1420
1328
1012
1436
965
1157
881
1375
1373
62
256
1586
294
122
881
758
1467
1420
1467
1420
383
1467
1420
383
1012
881
1642
1375
324
1619
1347
1467
1420
1328
1012
758
1081
1129
1015
373
596
1389
826
881
758
1467
1420
1467
1420
1328
1314
847
558
558
84
122
1467
1420
1467
1420
88
1333
774
395
791
774
1381
1420
122
1333
1467
1420
1467
1420
88
84
122
1467
1420
1467
1420
88
1333
774
395
791
774
1381
1420
122
1333
1467
1420
1467
1420
88
84
122
1467
1420
1467
1420
1333
1312
1196
649
881
573
719
1567
294
931
62
821
450
1375
62
585
900
1314
1304
199
1319
211
1363
669
719
294
1507
1381
115
1051
552
719
383
1333
1311
1622
1467
516
1622
1311
1622
1467
516
1622
1314
535
171
864
599
1205
881
1622
1467
516
599
805
881
1622
1467
516
599
805
881
1622
1467
516
599
587
805
257
587
1311
1622
1467
516
1164
1622
257
1311
1622
1467
516
1622
1619
778
144
168
50
1333
763
1467
1213
477
1333
1388
1467
1420
808
1514
325
1467
1213
113
821
60
113
1467
1420
325
1467
1213
113
1467
1191
1135
60
113
1467
1191
1135
1467
603
113
821
60
113
1467
144
1467
144
1467
144
277
1467
144
277
1467
1051
727
1467
1051
727
1467
1051
727
1467
1051
727
1467
1051
727
1467
1051
727
315
244
1467
1467
1051
1436
603
1534
1436
603
1301
1436
603
1301
178
603
1534
1301
1534
1117
1310
727
1117
1310
1048
1117
1310
727
1117
773
524
1117
1117
62
823
1414
727
62
823
1414
727
1117
1048
1117
487
1117
1117
1431
1117
524
1117
1048
605
1048
605
1048
62
823
1414
727
62
823
1414
727
62
823
1414
727
1041
1436
603
1534
1436
603
1301
1436
603
1301
178
603
1534
1301
1534
62
823
727
1436
603
1534
1436
603
1301
1436
603
1301
178
603
1534
1301
1534
1436
527
440
1436
998
998
1048
998
1436
998
998
1048
998
1621
1534
1436
998
998
998
1436
998
1436
998
1436
998
1048
1048
178
584
1048
584
442
602
49
1553
532
682
62
1140
821
1175
458
844
1625
62
1140
372
1213
821
1115
821
591
1640
1640
62
1140
653
1213
1281
1544
821
699
62
1140
821
468
1467
1420
677
881
1553
1482
881
458
1433
458
877
23
881
1553
712
62
881
1553
62
1051
36
821
287
1619
80
1333
62
881
1553
308
62
1140
915
1015
1553
532
62
1140
1467
1051
532
51
543
84
543
1426
257
1116
881
1467
1052
763
982
763
1311
1622
1467
516
1622
599
1311
1622
1467
516
1622
599
257
881
1467
1052
763
982
763
1205
257
1311
1622
1467
516
1622
587
1311
1622
1467
516
1622
442
85
6
826
766
1550
1492
1110
85
6
1550
881
1553
9
409
1035
1083
226
141
65
881
1553
677
1553
1335
955
85
6
1541
429
1467
429
1548
194
784
572
324
1439
839
933
429
1283
1541
429
28
1553
1068
881
821
756
85
6
429
1283
1467
1467
525
6
1068
62
1140
100
881
879
1308
1581
62
1140
62
1140
532
704
85
6
85
6
1347
429
1198
85
6
535
599
1205
881
1467
871
982
1052
871
1116
881
1467
871
982
1052
871
666
870
781
1155
579
1046
881
1467
836
874
1531
579
1304
638
749
429
1283
839
1228
488
1489
532
1460
1619
1057
839
1052
1015
1208
839
1492
1452
279
342
1560
190
299
1359
1368
1373
1371
639
309
1395
1303
84
584
584
671
1436
1414
1414
1436
1414
1414
1436
762
1436
1048
178
584
1048
584
669
1397
669
1314
1304
682
602
248
205
591
643
821
1363
1510
669
276
1014
602
673
1311
1622
1467
516
1622
599
1311
1622
1467
516
1622
599
257
257
587
688
1100
291
535
1420
1060
1581
826
1304
62
1420
1060
1196
1518
826
1304
62
291
1544
1420
1508
144
324
870
458
62
291
1209
235
1015
525
1502
362
540
525
1502
1016
853
174
1144
377
342
470
1016
422
1314
576
1164
576
943
502
725
183
736
1566
1342
877
1164
1164
881
1467
1052
763
982
763
1164
1116
881
1467
1052
763
982
763
63
591
1493
1083
492
132
215
890
1518
260
1595
1043
1149
653
881
1622
1467
516
1129
599
881
1622
1467
516
599
355
881
1622
1467
516
355
881
1622
1467
516
805
1043
1149
599
1518
260
1595
1043
1149
587
653
881
1622
1467
516
1129
599
881
1622
1467
516
599
355
881
1622
1467
516
355
881
1622
1467
516
805
1043
1149
587
599
62
1140
371
1314
509
1363
669
638
793
401
991
1587
1351
878
1453
1300
1015
1196
22
897
215
1314
1217
858
1318
458
46
570
1373
1318
77
350
22
927
1375
353
1295
387
1048
791
1196
292
22
94
1390
991
1314
525
525
525
22
927
350
257
1311
1622
1467
516
1622
924
257
1460
22
694
634
839
1196
22
1041
719
257
1311
1467
599
251
51
479
499
1311
1622
1467
516
1622
599
540
1205
62
823
1311
1123
880
939
1262
1619
870
242
826
1547
1439
839
1619
216
669
184
1470
881
184
1311
1104
1467
1123
1346
1493
1515
1015
501
770
530
279
1492
8
905
794
245
450
826
386
1267
242
888
1335
132
386
1267
826
242
888
351
1212
1335
1394
1012
242
888
1466
1507
706
1335
878
1206
532
279
1515
1015
939
1012
257
1311
1622
1467
516
1622
1311
1622
1467
516
1622
654
1587
662
488
1196
704
242
993
242
888
743
936
143
758
1042
936
1619
1012
532
242
36
5
640
957
1466
936
547
1536
1038
915
654
129
1268
1302
544
1335
957
486
242
535
1466
1487
677
1441
1333
161
939
28
486
242
826
1467
657
1012
13
657
442
1439
1454
936
387
473
1467
547
547
1304
961
521
1211
1578
587
441
1012
1605
242
888
1571
1190
1172
242
888
1492
1590
839
473
1012
1605
242
888
508
473
1012
1605
1065
1335
473
1012
790
1012
870
826
1012
369
1178
1373
1275
1202
163
242
1493
669
450
1372
669
450
1427
888
242
441
1547
870
706
257
587
1311
1622
1467
516
1622
1205
1211
175
839
149
957
1466
188
1147
242
826
793
1343
1187
1012
870
1012
1351
905
488
1369
1012
791
1615
1613
410
654
1138
591
315
957
242
888
1419
27
486
1001
999
242
888
219
497
627
1045
1304
1153
682
682
593
1046
1196
870
1012
1351
905
794
111
1439
1615
236
1604
1304
276
323
486
242
888
888
1073
473
957
1037
888
1583
242
1387
662
73
957
242
888
1292
1349
706
1211
1012
888
1349
104
1460
242
149
242
257
1311
1622
1467
516
1622
1346
1262
1553
1553
957
1466
1091
1420
1453
1381
1420
1205
1314
1161
92
626
447
1028
121
1176
401
65
257
587
1311
1622
1467
516
1622
740
525
308
682
1599
682
1599
992
758
1333
1042
447
870
60
100
573
1277
653
653
1147
1314
734
532
1314
653
862
1553
721
1014
1375
6
821
873
302
276
1051
881
1467
1051
1068
1553
1553
1068
1553
821
525
1077
1553
1470
1553
1470
1333
277
1356
1014
1333
1333
277
1356
1014
1333
1333
277
1356
1467
1135
1135
1333
1333
277
1356
1333
1333
277
1356
1333
1553
1051
1375
1277
1051
862
758
1042
847
1553
100
1232
161
306
828
1014
821
538
77
1014
77
62
1545
950
853
306
1490
43
306
1593
1593
355
1375
1553
1553
525
1012
525
248
1014
1012
248
1012
525
248
1014
1012
248
797
418
675
1012
248
1012
248
1375
1304
894
793
795
488
653
390
1570
1275
986
1430
511
1563
1619
840
1503
702
95
1420
821
1314
1014
903
77
62
1545
122
1014
1333
1047
253
1460
774
395
791
1147
1333
721
1553
453
1055
518
1471
1629
638
1258
173
625
1245
774
519
1211
87
1275
1453
1619
211
863
1373
1164
540
1553
1553
122
552
1164
562
1553
862
758
1042
1363
853
877
1619
272
1042
1589
738
1420
543
1277
1042
1269
47
1574
40
1314
599
1205
881
1622
1467
516
805
881
1622
1467
516
805
881
1622
1467
516
1116
1364
1022
1205
1314
977
602
153
355
306
1105
602
355
1224
1553
1090
1553
306
1105
877
407
1022
1191
1375
630
1505
257
306
881
1467
1052
763
982
763
881
1467
1052
763
982
763
257
805
1060
1553
1605
881
1225
758
1467
1051
859
859
1051
6
417
387
1015
758
1051
758
1042
532
938
49
1051
6
532
938
310
1051
6
62
1140
62
1140
1051
6
1051
532
938
859
1051
6
95
558
28
762
614
1533
1467
1125
1051
758
1042
870
1051
1129
870
1051
1129
653
50
1333
1308
1488
1012
915
1482
1308
1488
1012
915
1129
1556
943
1518
682
522
1081
1383
265
651
388
307
859
244
1518
442
1518
969
552
1304
1518
1312
1518
1420
915
1312
1068
310
1333
1518
1333
637
1068
881
1518
758
1420
915
1518
1518
1312
1518
1420
70
1312
1068
310
1333
1518
70
1333
637
1068
881
1518
758
1420
70
1518
1550
669
62
859
1518
859
558
558
1314
1363
859
1420
499
859
1129
1155
212
307
602
1314
1297
82
1333
1316
1311
1622
1467
516
1622
1277
1311
1104
1467
1123
1311
1622
1467
516
1622
587
1311
1622
1467
516
1622
307
1051
543
1619
989
277
1356
1635
1265
277
1154
1098
638
1528
543
84
1443
84
543
1305
901
1019
824
1489
1443
84
553
879
518
1443
953
553
467
1253
4
553
1489
1491
966
535
923
635
217
553
1443
1489
666
1252
938
870
51
553
1443
486
1019
922
901
1443
486
1019
553
1443
1489
1418
403
1426
553
1443
160
762
257
1116
881
1467
1052
763
982
763
1278
1450
1019
1196
486
1019
1019
532
1554
1431
84
543
839
51
901
166
1311
1622
1467
516
1622
599
599
1205
881
1622
1467
516
599
805
881
1622
1467
516
599
805
881
1622
1467
516
599
587
881
1622
1467
516
599
805
599
1205
881
1622
1467
516
599
805
881
1622
1467
516
599
587
974
458
638
1506
1375
1311
1622
1467
516
1622
599
535
307
458
719
63
602
431
853
431
824
1314
1488
155
523
1488
210
1314
1395
666
346
189
1022
1203
1619
602
407
458
1314
406
1582
667
490
1635
1119
1534
431
496
18
1619
25
29
1015
1316
262
1634
353
602
28
260
1375
1083
1634
667
18
1277
1622
1467
516
1622
599
1311
1622
1467
516
1622
599
1311
1622
1467
516
1622
599
1311
1622
1467
516
1622
599
881
1467
1240
1051
821
1217
999
821
821
1553
897
599
1205
881
1622
1467
516
599
587
881
1622
1467
516
599
805
881
1622
1467
516
599
1572
898
247
587
1311
1622
1467
516
1622
1572
898
247
1311
1622
1467
516
1622
1572
898
247
1311
1622
1467
516
1622
75
62
9
1333
677
62
1140
1553
1375
1333
572
277
1356
62
62
9
1333
1375
63
292
1047
62
1140
682
638
859
722
1333
62
1545
62
257
881
1467
1052
763
982
763
881
1467
1052
763
982
763
1116
881
1467
1052
763
982
763
1304
1055
1314
27
452
677
1015
1553
122
1413
770
770
1413
1585
535
221
853
1364
770
353
6
532
580
1333
1364
532
1364
791
1615
1395
1413
791
774
682
417
513
309
532
1581
309
393
778
92
1306
1314
682
1314
526
1314
410
653
191
682
793
1314
348
1205
1153
1491
1194
1501
1045
1075
1540
1375
223
594
594
59
1377
1540
1377
1377
18
1443
1377
100
1337
1443
100
1337
1443
532
1068
1337
1443
1075
1443
1075
1540
1443
1335
1615
1540
1443
1520
1045
1304
140
1221
1314
257
1311
1467
1052
763
982
763
805
1311
1467
1052
763
982
763
805
1311
1467
1052
763
982
763
805
1311
1467
1052
763
982
763
1116
1484
821
1306
62
823
62
823
1306
602
1306
950
829
594
602
1489
469
603
972
919
805
602
816
750
602
1306
602
1053
942
1395
1335
821
733
205
306
260
721
257
1482
878
1395
568
978
1041
100
645
1534
257
1311
1622
1467
516
1622
599
1503
292
599
1311
1622
1467
516
1622
599
164
10
1286
1335
1110
1627
591
1448
791
198
1468
1205
1503
821
257
1311
1622
1467
516
1622
599
1335
1380
540
1314
163
1311
1622
1467
516
1622
279
830
202
26
659
584
837
163
1311
1622
1467
516
1622
163
1335
840
1498
1205
48
166
1335
733
1314
279
775
1205
1311
1095
587
1311
1622
1467
516
1622
279
156
1311
1622
1467
516
1622
1205
146
1021
1205
1156
1311
1622
532
1460
1311
1104
1467
1123
816
1599
738
1205
915
816
1599
606
5
1145
549
721
1015
1467
1599
1504
906
584
1314
904
353
1364
715
1603
1196
312
65
1565
1599
525
163
540
235
915
915
481
5
387
65
184
525
257
892
323
1064
840
229
1510
666
546
632
1067
1470
1639
535
947
660
1304
492
821
1518
1068
1592
358
95
1129
1068
1460
282
881
1467
1052
763
982
763
1467
1052
763
982
763
1595
1617
1051
758
1042
758
1042
682
692
602
1408
1304
881
1467
1116
881
1467
805
881
1467
1205
1314
805
602
1116
1595
1567
931
929
1015
738
825
669
599
1205
881
1622
1467
516
599
1156
825
1314
1314
1496
1015
1375
770
721
1396
1389
525
1496
1277
1375
1621
1619
82
1083
889
195
1598
899
899
1467
686
1467
686
899
1467
878
1436
603
1534
1436
603
1301
1436
603
1301
178
603
1534
1301
1534
1467
1048
1621
1534
1467
1301
1467
1098
1301
1467
1098
1467
1098
1467
1098
1467
1587
1467
1098
1467
1098
1467
1098
1467
1098
1467
1098
1467
1587
1467
1467
1587
1467
1098
1467
1098
1467
1098
1467
1041
1061
1048
1467
1587
1467
1098
1467
1098
1467
1098
1467
1098
1467
1098
1048
1041
1061
1048
1467
1098
1048
1467
1048
1041
1061
1048
1431
1048
1048
178
584
1048
584
1621
1619
82
1083
889
195
1598
899
899
1467
686
1467
686
899
1467
878
1436
603
1534
1436
603
1301
1436
603
1301
178
603
1534
1301
1534
1467
1048
1621
1534
1467
1301
1467
1098
1301
1467
1098
1467
1098
1467
1098
1467
1587
1467
1098
1467
1098
1467
1098
1467
1098
1467
1098
1467
1587
1467
1467
1587
1467
1098
1467
1098
1467
1098
1467
1041
1061
1048
1467
1587
1467
1098
1467
1098
1467
1098
1467
1098
1467
1098
1048
1041
1061
1048
1467
1098
1048
1467
1048
1041
1061
1048
1431
1363
1205
909
1205
881
1467
1280
210
292
758
1333
1042
1488
248
1205
1511
1314
881
1467
1551
758
1333
1042
1488
347
1554
711
1120
877
1281
1498
257
816
1619
422
731
859
1308
1420
721
1375
84
1336
411
915
1467
1420
859
1308
84
1336
411
915
1467
1420
859
1308
1375
1284
859
1051
257
587
1311
1622
1467
516
1622
257
1311
1622
1467
516
1622
587
1311
1622
1467
516
1622
1051
1467
6
1311
1622
1467
516
1622
115
1518
1467
821
6
1051
1518
1311
1622
1467
516
1622
1311
1622
1467
516
1622
599
950
858
1488
100
1154
9
1553
881
1467
1052
763
982
763
1314
740
858
1290
762
473
1467
1290
1084
178
1467
1290
1084
1068
414
881
1467
1052
763
982
763
1314
1068
570
1154
122
505
1488
1282
1116
669
1151
1196
1459
364
1311
1467
1459
1489
1287
329
1619
189
1459
364
1622
1518
986
1622
1459
1311
587
1619
1527
692
1493
602
1311
1467
1459
602
840
1459
364
599
587
1116
805
599
901
1455
599
965
1578
1489
1287
329
257
587
1311
1622
1467
516
1622
746
1287
329
1348
1075
1333
454
532
1471
1139
1489
1641
602
257
1311
1622
1467
516
1622
920
525
52
1164
525
503
1172
1021
1619
171
1279
427
1363
1527
1314
756
260
1164
1051
1129
1596
1047
122
1333
136
287
122
1619
1164
1230
1051
450
1467
1467
1467
1012
1467
1051
1467
1051
1467
1051
1012
1251
331
1548
572
35
1548
572
1384
1548
1333
572
677
1333
1553
1333
477
1333
1283
1333
1466
1098
473
819
721
1333
307
211
1467
1164
1164
1553
1467
1164
1283
994
1164
1553
1115
1553
1384
1553
1373
1164
595
1164
915
35
1373
1314
1314
1619
1163
35
1141
791
1622
1537
1467
802
1405
1015
382
802
802
1386
1405
17
1405
1311
1622
1467
516
1622
587
587
93
1311
1622
1467
516
1622
1311
1622
1467
516
1622
1311
1622
1467
516
1622
638
1132
715
356
543
1001
527
83
715
356
1550
715
437
1605
1300
826
1273
1300
826
437
715
356
824
437
1605
1300
826
654
307
585
515
715
1591
1605
1449
508
437
1548
1563
1619
535
715
1231
1132
1373
307
769
715
1605
257
881
1467
344
1196
649
193
291
881
649
927
456
1196
649
1554
1081
1314
257
1424
1515
1196
649
525
344
525
1196
649
193
279
225
257
1075
881
649
927
938
594
456
574
1518
587
525
260
1486
821
1081
1008
574
1518
1047
808
574
1375
1250
6
469
967
6
320
301
421
1312
574
1312
881
1518
1247
574
1273
421
301
1375
1373
1486
1129
1081
881
1467
516
1129
359
479
1486
1051
1068
821
1567
1277
1051
1016
1581
826
920
1417
1561
257
1311
1622
1467
516
1622
1311
1622
1467
516
1622
1311
1622
1467
516
1622
1196
1462
1459
364
1311
1467
1459
1196
1459
364
1311
1467
1459
1205
269
65
1051
1619
189
1459
364
1622
1518
986
1622
1459
1311
1619
1527
692
1493
602
1311
1467
1459
602
840
1459
364
599
587
1116
805
599
901
1455
599
1578
1205
269
65
1051
250
1488
881
1467
1052
763
982
763
309
1232
779
682
1211
881
1467
1052
763
982
763
1314
1503
821
309
1232
1101
80
1356
62
1545
1363
1527
309
100
1201
28
986
232
1522
1420
161
938
1333
1423
144
1311
1622
1467
516
1622
599
1311
1622
1467
516
1622
599
1619
63
920
938
431
1619
245
1156
294
1466
244
81
539
552
1587
1304
682
63
821
1467
525
821
28
1460
1587
1314
244
700
183
1333
122
525
700
183
1333
65
294
525
294
525
1164
1630
1333
821
1609
1314
63
1147
257
1311
1622
1467
516
1622
587
1311
1622
1467
516
1622
257
587
1311
1622
1467
516
1164
1622
1460
1493
1251
594
669
307
29
1467
1051
1467
1051
1599
1467
1051
1599
1012
1467
1467
1467
1012
1467
1467
1477
1467
1477
1012
1467
1467
791
1467
791
1012
388
287
1567
318
1274
100
754
1192
1274
1283
1314
1587
1015
915
924
1192
277
1290
1333
49
1051
6
1553
1068
1077
307
527
821
1333
277
1356
1467
878
1467
878
1333
1553
1553
1068
1290
1077
307
1232
821
1333
277
1356
1467
1290
1467
1290
527
1333
1553
1493
412
1420
762
1274
411
1482
1467
1290
938
411
1482
1467
1290
1420
411
1482
1467
1290
234
411
1482
1467
1290
411
1482
1467
1290
309
44
1467
1515
846
1619
1457
1375
405
1375
1375
821
821
905
387
1302
527
1485
387
1379
960
1375
1375
1480
1300
821
821
905
387
1302
527
1485
387
1379
960
1375
1373
279
36
1634
753
1485
497
1619
1619
1314
1491
1347
1481
1295
1300
1300
1336
411
1467
878
411
1467
1599
1619
1439
525
986
1040
1605
1275
1108
118
807
840
1314
257
572
666
1067
1314
1314
870
1467
1290
1467
1290
938
1467
1290
938
1012
1467
1290
1467
1290
1420
1467
1290
1420
1012
1467
1290
1467
1290
234
1467
1290
234
1012
1467
1290
1467
1290
1467
1290
1012
1467
1290
1467
1290
309
1467
1290
309
1012
1467
1290
1467
1290
819
1467
1290
819
1012
1467
1290
1467
1290
401
1467
1290
401
1012
1251
594
1615
1467
1467
1599
1467
1599
1012
870
1274
1115
306
324
1314
535
1553
277
1356
1351
1335
1232
784
927
1283
572
1467
1051
1314
744
1283
784
1333
1314
1283
353
584
131
1364
532
1314
1026
1570
666
1335
905
999
279
905
1375
821
486
486
1622
704
486
1622
144
1467
144
464
539
1302
527
1485
821
821
1032
1473
119
588
1386
248
287
382
90
382
670
382
1386
1453
262
1439
1390
15
438
1390
15
1390
15
802
1068
287
1068
287
1076
1439
1076
1466
1386
1076
1466
1386
1076
459
631
938
1068
821
281
1142
1375
1304
682
927
279
1022
677
1375
821
821
905
387
1302
527
1485
387
1379
960
1375
238
1619
307
1026
1167
1314
1619
29
1232
1283
784
1602
1314
450
1467
572
594
1314
572
870
572
927
1333
277
1356
572
1467
1290
1467
1290
527
1333
1290
1553
1553
1026
1063
277
1290
572
458
1026
317
1197
848
1015
1619
1192
277
1420
1302
1063
63
774
920
535
1570
44
1314
1283
174
1561
1098
572
343
174
1561
1098
257
1311
1622
1467
516
1622
1311
1622
1467
516
1622
1305
1290
362
837
629
1354
506
1351
257
587
1311
1622
1467
516
1622
51
101
1375
84
362
1375
1335
903
604
1395
211
1363
63
166
555
709
791
101
535
1102
494
388
585
1304
599
1205
881
1467
1116
881
1467
805
881
1467
805
602
821
680
1196
1459
364
1311
1467
1459
1420
442
938
1129
599
805
1619
189
1459
364
1622
1518
986
1622
1459
1311
1619
1527
692
1493
602
1311
1467
1459
602
840
1459
364
599
587
1116
805
599
901
1455
599
1578
1420
442
938
1129
1311
1622
1467
516
1622
599
1311
1622
1467
516
1622
599
821
1553
1619
602
821
680
1051
803
257
1355
917
892
568
682
599
1205
881
1622
1467
516
599
587
881
1622
1467
516
599
210
1048
1314
1491
354
6
1375
359
870
1333
1068
1333
572
1333
1333
1588
515
1449
508
257
587
1311
1622
1467
516
1622
1311
1622
1467
516
1622
1100
585
399
1534
1528
1409
257
1311
1622
1467
516
1622
679
100
477
1015
100
1217
1363
1199
1277
1314
881
444
975
1534
215
1235
759
840
1314
257
587
1311
1622
1467
516
1622
412
1205
467
1278
1395
1395
938
1395
346
1373
1395
1395
570
881
188
1473
188
1014
178
938
1395
353
1205
943
805
1304
1205
599
1205
1311
1622
1467
516
1622
599
1304
638
758
1042
308
1645
6
306
855
558
1273
1012
1605
1242
738
1518
257
1311
1622
1467
516
1622
587
1311
1622
1467
516
1622
1304
535
666
1619
124
709
821
1156
1012
1605
535
666
1608
611
1275
769
709
339
634
769
540
774
28
1364
1460
49
1553
677
905
824
100
167
1436
1635
785
18
808
1400
311
65
167
234
905
912
407
18
287
1400
1534
18
1075
478
774
920
1495
1075
780
1329
1231
551
869
1571
754
18
1631
1495
1075
1062
980
1471
1406
100
999
1523
929
76
370
824
1153
758
612
62
823
877
1231
785
897
203
1539
1553
1314
257
287
458
863
1370
915
1156
591
1528
1406
1462
1528
1406
34
324
851
157
353
1036
660
1475
614
1321
1160
614
936
535
1158
655
1340
833
1015
1160
1395
687
1406
934
1515
552
1164
1314
1164
257
1424
1164
677
1164
1553
1375
84
1051
122
84
1051
1164
450
1553
1467
1164
1467
1164
6
1051
84
122
1333
1312
84
1051
122
1164
1381
1553
1164
1381
1553
1164
1381
1553
1426
770
532
1467
1164
1467
1164
6
1381
1553
1164
1599
1426
770
532
1467
1164
1467
1164
1426
770
532
1467
1164
1467
1164
1417
1381
1333
1467
1164
1467
1164
1599
1381
1333
1467
1164
1467
1164
1381
1333
1467
1164
1467
1164
1381
1553
1164
878
1381
1333
1467
1164
1467
1164
878
1381
1553
1164
1381
1333
1467
1164
1467
1164
1381
1553
1164
1333
1381
1333
1467
1164
1467
1164
1333
1381
1553
1164
1051
1381
1333
1467
1164
1467
1164
1051
1381
1553
1164
1290
1381
1333
1467
1164
1467
1164
1290
84
1375
805
1311
1622
1467
516
1622
599
822
257
1311
1622
1467
516
1622
587
1311
1622
1467
516
1622
1205
36
191
602
1164
1116
257
1164
1116
881
1467
1052
763
982
763
881
1467
1052
763
982
763
602
1164
1116
442
257
1164
1116
881
1467
1052
763
982
763
881
1467
1052
763
982
763
1164
881
1467
1052
763
982
763
602
143
220
1265
184
881
62
653
1333
251
1423
360
401
239
1232
1517
602
599
1515
1205
387
287
539
830
352
578
257
1164
587
1311
1622
1467
516
1164
1622
257
587
1311
1622
1467
516
1622
587
1311
1622
1467
516
1622
310
1333
733
1314
1416
163
1335
683
944
1196
1621
144
1196
874
594
99
467
443
1196
1177
1153
112
1196
1068
289
1311
1622
1467
516
1622
599
1335
1615
1375
467
1196
938
1196
1068
1375
1373
543
1068
1196
1068
1296
84
1196
1068
84
543
1068
1364
602
1493
1196
1068
938
1196
1068
1398
1196
1068
1015
784
1638
1015
1492
540
1335
1196
1068
913
1277
508
1439
938
1196
1068
535
1
986
649
536
1188
1458
972
784
1439
1205
449
1492
540
1196
289
676
34
1614
74
1614
1441
878
933
1196
1015
938
1196
1068
942
612
893
28
649
332
1311
1473
1362
332
1015
388
70
332
727
1314
1198
300
332
677
553
804
804
332
841
292
879
398
1276
879
1353
999
1436
1153
1587
649
1596
458
738
1211
1370
915
1435
289
1467
1290
649
1587
481
4
1528
1619
1205
10
816
62
1205
150
915
62
1205
879
1335
493
915
417
1190
842
1311
1123
1311
1622
1467
516
1622
587
1311
1622
1467
516
1622
599
257
1311
1622
1467
516
1622
257
587
1311
1622
1467
516
1165
1622
1165
1311
1622
1467
516
1165
1622
585
412
1178
297
344
821
1502
1434
862
259
1147
653
35
485
1335
721
1335
1118
344
1116
1209
828
62
927
1619
1557
447
278
193
758
967
6
1375
17
943
1129
401
239
989
62
927
62
927
1232
448
1588
967
6
1177
1196
486
1518
1021
1314
62
1587
989
967
6
62
1588
107
447
989
967
6
730
1508
486
1196
967
6
1370
287
646
989
927
62
257
587
1311
1622
1467
516
1622
1311
1622
1467
516
1622
189
805
257
587
1311
1622
1467
516
1622
1311
1622
1467
516
1622
1311
1622
1467
516
1622
295
1314
1375
774
525
1467
547
659
57
1279
1467
727
623
1467
1467
727
1048
1467
1375
120
163
1335
287
1304
1314
492
602
483
874
594
1493
1294
243
95
100
257
1239
1596
458
1205
1406
100
1026
602
1156
166
1314
1161
1021
1314
1067
1314
1311
1104
1467
1123
512
257
1116
881
1467
1052
763
982
763
638
362
791
276
399
55
362
1619
870
1178
266
1144
849
938
937
543
807
1467
1283
594
867
1316
1356
1420
362
1356
1420
1026
535
1232
770
1570
1294
362
377
552
1351
751
362
791
587
1375
84
362
1457
41
543
84
276
1373
276
84
362
1375
1619
2
134
1212
1344
202
457
352
1462
535
1325
234
747
115
1151
134
797
115
1420
660
193
128
203
1395
200
362
1395
561
200
660
277
535
1277
1311
1104
1467
1123
552
599
1205
881
1622
1467
516
599
805
1449
508
63
1527
1304
1304
602
1302
549
203
1587
907
907
791
1587
72
313
715
770
1159
1147
432
1364
602
1622
1467
516
1622
599
1311
1622
1467
516
1622
599
1311
1622
1467
516
1622
599
1311
1622
1467
516
1622
599
1311
1622
1467
516
1622
599
672
669
1047
917
