1308
2012
1464
770
617
498
216
1147
152
615
1809
660
3
1600
653
660
568
1786
653
1142
1947
1701
1835
1790
1269
1273
1390
1273
641
1269
568
2012
10
1035
1097
1107
1795
778
1353
1646
590
1646
778
1353
1646
1097
1646
778
1353
1646
1941
1646
615
2017
778
1353
1646
568
2012
1790
101
1503
1421
1696
1268
1891
1493
1421
759
1671
653
1978
913
1107
1891
1421
1333
1092
1238
1092
1421
1077
684
1891
1103
1905
1503
1421
1696
1268
1891
1493
1421
759
1671
653
1978
913
1107
1891
1421
1333
1092
1238
1092
1421
1077
684
1891
1103
759
1786
1687
108
1809
660
192
759
653
2041
1540
120
144
1790
1049
759
108
101
1503
1421
1696
1268
1891
1493
1421
1540
1090
2066
133
1270
1107
1891
1421
1333
1092
1238
1092
1421
298
10
1421
684
1891
1617
1421
684
992
1891
1617
748
1421
568
1891
1617
1952
1696
688
1891
101
1503
1421
1696
1268
1891
1493
1421
1540
1090
2066
133
1270
1107
1891
1421
1333
1092
1238
1092
1421
298
10
1421
684
1891
1617
1421
684
992
1891
1617
748
1421
568
1891
1617
1674
1640
1452
1162
213
300
1471
568
609
514
1090
568
588
1275
1432
1102
1121
291
1923
380
2056
1952
1891
1082
353
759
1952
1891
1687
653
102
1077
568
992
568
1326
759
19
2035
1421
660
826
1674
1162
783
514
2057
1082
759
688
2049
1952
353
568
759
1674
61
451
1701
1046
759
1121
1789
759
1472
2057
1952
688
1891
2057
868
2024
1127
1070
568
568
2057
568
93
525
145
95
1037
1315
1687
660
1993
1540
512
951
714
1837
516
1809
1429
1231
568
553
843
298
1687
1168
1472
145
1732
568
759
553
1307
959
296
1786
759
1510
14
645
1964
2061
1231
1102
1421
1354
385
536
992
218
898
1326
653
1809
660
153
1231
568
218
1600
653
1701
568
2046
568
2
2
653
568
653
1231
1102
881
1835
1107
1891
1970
1677
741
898
1326
1763
1678
653
1477
1467
238
1408
2057
826
1280
881
568
2057
881
568
653
504
568
2057
1738
568
536
1646
2057
1537
2057
3
39
898
292
1032
1701
265
543
851
670
1166
1701
653
1275
1786
568
568
568
736
684
1891
1498
1891
1103
678
1891
1103
1665
1891
1103
1665
1891
1103
1665
1852
762
1960
1852
762
1683
330
1852
762
1683
330
246
762
1960
1683
330
1891
1667
1315
1891
1667
1891
1667
684
926
246
1891
500
2018
1891
500
1891
1891
1891
1891
1103
1891
1103
678
1891
1103
678
1891
1103
678
1665
1891
1103
1665
568
439
653
831
1537
615
870
993
1121
275
1527
63
1162
1137
653
112
1703
1701
660
2048
634
792
10
653
1139
743
737
101
1503
1421
1696
1268
1891
1493
1421
881
93
1690
293
913
1107
1891
1421
1333
1092
1238
1092
1421
1077
684
1891
1103
660
822
3
653
93
1444
653
2057
1188
822
1835
1877
307
1231
568
1503
1421
1696
1268
1891
1493
1421
881
93
1690
293
913
1107
1891
1421
1333
1092
1238
1092
1421
1077
684
1891
1103
1910
1891
293
433
20
1185
653
126
743
1185
2057
510
1117
553
1198
84
2057
1444
293
1035
1028
690
1051
641
293
492
881
152
1790
1789
1231
1102
670
653
2057
1188
453
1946
112
275
63
473
1742
1891
813
1263
1674
2057
307
653
185
1701
351
868
1462
1701
580
1829
2057
1790
1579
814
1790
517
1923
1080
331
481
1311
2053
1946
837
481
1999
72
689
2012
1719
653
634
653
307
509
1687
553
416
72
286
1400
2056
1889
1895
1738
660
1952
163
759
843
2001
759
2001
479
1328
2001
2001
1897
2046
2001
1390
2001
1235
1366
1856
1035
1204
1932
896
189
2051
1421
2001
2001
801
1891
1687
759
108
2001
40
1465
1421
2001
124
1524
1876
469
1696
1891
1876
1017
1055
1688
1540
568
1696
1408
1891
1435
2057
269
1876
469
2059
1942
1243
2059
1876
1696
2057
1952
857
1916
759
1696
1891
1876
759
1055
1876
469
753
740
1421
1012
753
1132
1873
753
1769
1702
2009
1017
1055
1688
101
1503
1421
1696
1268
1891
1493
1421
759
2019
369
1055
1185
2046
1671
2002
93
127
10
1787
1873
913
1107
1891
1421
1333
1092
1238
1092
1421
1077
684
1891
1103
10
1421
1077
568
1891
1103
1524
1879
1876
469
1696
1891
1876
1687
108
101
1503
1421
1696
1268
1891
1493
1421
759
2019
369
1055
1185
2046
1671
2002
93
127
10
1787
1873
913
1107
1891
1421
1333
1092
1238
1092
1421
1077
684
1891
1103
10
1421
1077
568
1891
1103
491
868
519
1787
1074
10
653
1269
1273
1269
1107
1298
1331
515
506
715
976
1040
1933
1930
655
742
976
1040
1933
1930
655
742
976
1040
1933
1930
655
742
976
1040
1933
1930
655
742
976
1040
1933
1930
655
742
976
1040
1933
1930
655
742
976
1040
1933
1930
655
742
976
1040
1933
1930
655
742
976
1040
1933
1930
655
742
976
1040
1933
1930
655
742
736
684
1891
333
1904
1646
1891
1103
481
1891
1103
1665
1891
1103
1665
1891
1103
1665
1891
1103
1665
1891
481
1891
481
1891
684
926
1702
1891
1997
208
1891
205
1891
205
1891
205
1891
1891
1891
1891
1891
1891
1891
1891
1103
481
926
886
636
1358
886
1960
886
252
886
252
1891
1997
1891
1997
208
1674
1701
926
1687
1316
1421
822
1701
61
302
1701
1598
660
1222
83
1107
2046
2041
759
1140
93
77
780
614
101
1503
1421
1696
1268
1891
1493
1421
1540
898
267
1107
1891
1421
1333
1092
1238
1092
1421
1916
1421
1077
684
1891
1103
1421
1077
568
1891
1103
1421
1077
568
992
568
1326
568
637
101
1503
1421
1696
1268
1891
1493
1421
1540
898
267
1107
1891
1421
1333
1092
1238
1092
1421
1916
1421
1077
684
1891
1103
1421
1077
568
1891
1103
1421
1077
568
992
568
1326
568
637
349
553
1231
568
1786
292
1790
565
1891
1529
101
565
1891
2038
101
565
1891
1077
101
565
1891
101
565
1891
101
565
1891
1256
101
565
1891
1732
101
565
1891
644
101
565
1891
101
565
1891
784
101
565
1891
101
1790
1219
655
2012
1923
1103
1103
2057
1219
655
1003
653
1235
754
670
1763
550
292
72
1103
1913
1393
1941
1308
1835
754
292
1255
1400
458
1142
1540
799
649
1235
653
1913
1911
1680
1941
721
1308
1445
887
1308
1790
653
1541
1887
500
2008
1504
1342
799
686
180
72
1308
180
72
1308
690
993
1245
799
1936
1680
1308
605
1680
1941
1308
292
1649
1850
653
1477
799
1973
128
881
1393
886
1308
1067
1936
655
1235
1913
1911
1680
1941
721
1308
1445
887
1308
1790
653
1541
1887
500
2008
1504
1540
1876
1235
837
799
1623
2046
886
1592
1685
653
887
1308
605
1680
1941
1308
292
1649
1850
653
1477
683
670
655
787
1440
438
786
54
95
1591
1308
1400
106
1733
799
1308
541
1134
482
4
1055
785
1440
770
1255
482
144
799
218
686
1540
1876
1235
660
1260
1943
146
1235
1304
222
808
1513
242
769
34
20
282
292
1856
1053
1868
808
1275
844
886
460
716
978
787
653
1551
886
1400
1308
1219
655
2012
1923
1103
1540
799
649
1235
653
1400
2056
653
1342
799
686
180
72
1308
101
1503
1421
1696
1268
1891
1493
1421
649
30
580
2019
1107
1891
1421
1333
1092
1238
1092
1421
1077
684
1891
1103
1421
1077
568
1891
1103
1162
1015
349
2052
1185
171
1879
1151
1913
1910
670
1829
1456
1786
759
1540
1817
727
1231
568
760
304
1674
1687
2000
456
759
653
1790
1738
653
1077
684
1891
1103
1231
568
553
653
760
1738
1077
568
1891
1103
63
1687
870
1540
822
2057
1952
1874
660
1819
1687
1105
1055
1701
493
1151
1687
101
1503
1421
1696
1268
1891
1493
1421
649
30
580
2019
1107
1891
1421
1333
1092
1238
1092
1421
1077
684
1891
1103
1421
1077
568
1891
1103
1674
1552
708
249
1552
285
759
2057
822
2000
351
2026
93
1790
1016
1107
1891
635
1421
1183
1916
1897
759
1016
759
660
727
361
1231
1102
1141
2059
1942
1696
1891
1897
880
759
1016
2059
1789
875
1421
759
1790
1503
1421
727
1151
2057
822
1829
633
986
762
753
61
1674
2057
564
307
1540
759
1690
296
164
1909
1076
1696
1408
801
1472
813
1105
1121
186
822
1993
1185
528
1753
1328
1273
1269
1348
1269
528
976
118
2062
1524
48
48
637
1269
1273
1269
736
684
246
333
1665
1240
1941
856
1891
500
1891
844
1891
1891
684
926
1891
500
636
1941
969
1891
500
1222
1891
500
2018
1891
500
2018
1891
500
2018
1891
500
926
1891
500
636
1240
1941
1353
1256
1765
10
458
657
1891
500
1891
1077
330
1891
330
1891
550
330
1891
330
1891
1077
1665
330
1891
1077
1665
330
1891
1077
1665
330
1891
1077
1665
330
1891
1665
330
1891
1665
330
10
1077
1665
1891
500
1222
1674
1038
1932
868
528
990
1947
1701
822
1835
1753
1269
660
1057
1107
1891
1753
1348
1891
72
1160
1348
1269
801
984
1266
990
1423
955
1057
1273
1269
1275
990
984
660
1243
1899
976
1691
691
1185
1269
653
990
1674
2036
1876
469
1540
1696
1876
609
2036
845
2043
2048
913
366
1540
660
1874
1055
124
1876
469
1687
1674
913
374
826
1540
913
1687
436
541
939
1876
469
1281
1524
1876
469
1696
1891
1876
73
736
882
1701
1674
1540
1148
73
1171
736
882
1671
1724
400
1328
568
72
302
1718
330
1628
2057
269
1876
469
2059
1942
1243
2059
1876
1696
2057
1952
857
1916
759
1696
1891
1876
759
1055
1876
469
753
740
1421
1012
753
1132
1873
753
1769
2009
1404
736
2045
822
2048
1876
469
684
1442
1696
1891
1082
759
822
1891
351
1107
1891
1499
1519
1322
492
568
1499
1214
296
838
1675
1685
868
562
400
1077
1002
690
1260
562
2038
913
568
456
1790
1234
2019
1513
719
1864
111
1864
1864
1588
2019
1513
1864
1171
1790
1145
1276
1790
1790
564
240
1790
1171
1790
1185
304
441
28
1404
690
1513
736
882
1701
660
701
2018
568
1570
1570
1156
1878
2049
653
1108
668
736
2045
1648
1275
1786
653
1472
1641
2057
1641
950
20
743
660
1641
1457
20
1877
1816
1641
1438
1107
489
1790
1338
2070
429
1479
1218
1696
1891
1753
1376
1227
179
102
330
1269
653
147
1457
412
2046
588
653
292
886
1353
1290
644
255
1524
691
1390
653
429
23
1372
653
1183
528
906
1687
1947
1701
770
249
1228
1348
2046
801
690
1993
615
2001
2000
1195
799
309
822
301
826
218
1348
1696
1891
1753
351
528
1021
528
1753
93
740
1753
644
395
1349
1273
1269
998
690
1891
921
1273
1269
906
1852
1275
1862
1697
1845
119
1743
1112
1695
2002
1185
622
1112
2002
1185
622
1112
906
1790
1200
1862
1891
528
1753
2046
653
1537
690
922
607
653
1610
653
2057
1742
920
1696
1408
1891
1435
1856
1103
354
426
609
1270
671
1514
1189
2065
1103
1268
1336
645
28
755
1801
2058
1978
1103
1336
292
827
354
2015
1273
1856
1103
1962
292
1514
1270
927
276
195
1913
1735
1094
1152
1844
1789
2013
822
822
822
1270
645
28
755
1003
2046
1085
1077
1436
1856
1030
1468
1540
759
1295
454
1856
1103
1835
1722
770
689
287
10
1275
1646
1103
916
1717
615
781
660
351
1688
615
349
1688
615
615
351
2003
1312
1017
1904
351
2046
1701
1312
594
1875
514
2057
1694
893
1500
778
517
1688
778
10
1646
10
1290
1532
1356
660
1540
1275
1649
1850
993
89
653
1076
1096
2082
1795
1209
517
466
1540
940
1202
740
615
2014
1427
993
1427
1139
740
1789
740
615
1537
807
191
578
227
653
458
780
736
506
95
1107
678
1847
1891
873
506
678
799
2057
1538
291
1295
552
1103
299
612
1151
1275
1103
770
1868
623
1674
1687
1468
1133
2057
93
754
287
10
745
1326
1789
107
1795
2046
886
653
1801
68
500
1941
653
886
653
1308
458
516
786
1253
10
634
10
1552
670
1753
945
921
1290
1260
2046
1108
739
1646
531
28
1191
754
481
954
759
1429
568
2057
93
754
287
10
745
1326
1789
107
1914
1939
1672
745
637
1789
615
531
287
10
1829
236
1727
615
759
553
568
1672
1712
637
203
615
341
351
351
341
349
271
615
351
569
2009
380
637
456
1511
916
1717
615
69
2057
615
351
351
600
279
236
637
1727
615
759
553
568
1795
2046
886
653
1801
68
500
1941
653
886
653
1308
458
516
670
652
945
1561
1107
267
435
1748
1811
1314
886
458
2057
438
1260
2046
1800
1979
721
369
1209
1688
778
517
380
713
553
1209
2019
1869
1923
1795
1795
1472
1561
1856
1103
1226
287
778
1646
519
1090
1835
578
606
1151
1324
1103
293
74
1934
1019
1800
1979
721
369
1209
1688
778
517
380
713
553
1209
2019
1869
1923
1795
1795
1472
1019
1800
427
1103
2056
1795
1545
1883
1856
1103
2057
512
236
721
531
684
615
507
2046
425
2044
1701
1260
1513
1035
1103
456
1489
660
1649
1850
886
653
660
1209
1500
1209
1275
441
1514
1997
615
886
653
1416
1801
441
1701
1985
645
459
1648
924
1273
1269
1205
670
1188
670
307
1035
292
1505
670
1344
1468
568
243
1231
568
1035
1891
293
1835
1275
1273
1002
924
924
293
1205
1275
2038
1077
1205
924
896
751
1275
951
705
427
568
545
293
61
913
925
93
853
492
641
1273
2027
349
1329
291
1672
1877
1131
615
560
853
293
1328
1251
1269
492
1205
439
293
1205
1934
485
175
2050
1841
363
729
612
1406
1040
578
759
293
1696
1408
1891
1877
1697
260
1945
427
1892
1540
1701
1646
1071
2057
656
1530
1734
293
996
708
1939
1786
2046
1513
653
1786
559
302
1904
615
1359
1443
293
759
2050
857
1281
596
568
653
1960
553
96
141
1302
875
1275
585
369
1023
2032
568
1363
853
293
1251
1269
951
979
453
165
1205
979
1183
951
1442
151
293
1035
1077
298
1835
492
1540
1408
1779
2000
1268
812
759
1103
182
1090
1231
568
307
759
1877
1687
759
108
293
729
1151
363
1869
702
1540
799
660
1952
363
1045
293
1151
2057
151
1035
857
759
1418
768
896
1938
951
1377
302
2046
1823
615
1537
161
293
293
1408
1878
124
124
951
1555
1015
1221
10
653
1784
400
1555
565
1613
1555
1966
803
559
53
1742
1555
1221
715
1500
1175
692
1175
1107
1175
1104
1175
1107
541
612
1082
803
492
1790
1801
628
829
615
1687
1809
492
1421
474
1183
492
277
1924
175
2050
729
568
1790
700
1648
706
759
1877
857
1113
1790
1205
485
813
739
293
1205
1799
951
492
1599
1599
813
739
2057
1911
293
1269
653
951
281
1138
999
504
1588
1312
1077
298
10
520
293
868
1035
748
293
1205
1390
1363
778
400
1035
1033
1891
1103
1102
293
1269
1481
1243
492
1041
951
770
1275
1251
552
1176
564
144
492
10
1164
1561
72
1176
1552
1924
653
75
124
2057
843
124
293
1472
293
1877
1696
1408
1891
1877
1697
353
45
349
1348
1644
293
293
1790
2004
568
353
293
1790
1687
1231
568
913
1394
293
759
759
997
759
780
293
568
1715
402
525
1701
293
1500
936
1359
759
293
1472
1939
1969
485
1421
615
1472
1877
1540
760
1646
1814
1305
145
1734
1182
1530
1734
1182
1646
996
1059
293
95
1193
875
1960
1353
60
1835
1586
301
2049
1877
293
1877
1960
2057
1694
1302
2061
1290
1738
1512
568
2057
585
353
1035
759
293
612
293
1151
1282
1044
2057
1028
876
1177
615
493
380
660
192
1231
568
1856
1701
1900
349
1028
463
349
1195
456
1231
568
1701
1535
1035
1513
653
868
340
568
753
1064
61
913
1735
776
784
759
1421
1222
293
996
2043
1589
293
833
1757
1531
1877
349
1786
653
39
1883
1877
2039
1519
48
1537
1848
1243
1275
1035
170
238
1913
715
343
1356
1353
986
1786
2046
1688
1250
1685
1827
801
926
349
1364
885
152
1171
541
349
61
2070
349
1687
637
641
653
1044
61
1701
1421
653
366
2075
653
1982
660
1185
653
1162
1405
2057
1475
939
753
568
1540
909
330
1163
448
1540
1640
511
921
653
914
1665
615
721
95
2053
1666
1431
2027
95
535
1734
1185
1540
1738
2053
1431
1741
1545
1741
95
307
759
653
330
670
568
200
1716
1687
568
759
1472
72
2075
1475
660
568
822
826
1648
1431
72
1687
366
2075
653
1982
660
1185
653
1687
1260
1028
1135
512
1103
166
1294
1264
1103
1588
801
2083
88
2028
339
907
125
248
428
1891
61
2000
88
2028
521
1891
1561
153
1701
1102
568
568
61
801
883
61
1789
1739
1808
310
653
1185
292
1282
2007
20
637
653
13
1166
1880
361
10
2046
456
1693
665
898
292
660
1602
77
653
456
1763
898
493
77
653
898
292
179
562
1646
285
653
1067
1835
1129
456
1457
330
568
41
568
10
1658
930
568
930
1674
39
1231
568
1857
1964
2061
1154
759
1964
759
562
763
1789
39
1196
536
898
933
1856
1646
1817
536
276
1360
1967
1223
727
660
374
1928
845
137
1754
1674
1687
759
660
924
568
313
1540
1874
1701
759
276
796
615
759
1090
1674
826
759
189
1809
325
590
660
1890
325
325
590
1032
1706
1430
1790
785
2057
604
276
1906
1701
1738
616
514
615
765
144
1674
1857
818
1923
369
325
77
2045
759
1231
568
568
1386
1845
1360
1386
1857
2057
401
568
1872
39
1231
568
492
1874
553
276
536
796
615
1956
660
1906
68
1103
456
1876
469
1696
1876
349
380
1152
567
1035
1724
1789
490
45
2057
567
298
1671
1701
822
2048
759
1876
469
813
1696
2057
37
1151
151
1540
1151
2009
1415
1738
1724
677
1651
1701
305
1031
736
246
736
1702
1960
1702
1222
1702
707
1702
1702
1222
1764
1702
1891
1702
1222
1702
1222
1891
1702
1222
1891
1702
649
1891
1103
1891
1103
1891
1103
1891
1103
1665
1891
1103
1665
1891
1103
1665
1891
1103
1665
1891
1103
1665
976
2046
2057
1222
690
906
721
653
1583
7
1409
1469
1217
1738
1335
35
818
660
188
1867
653
1325
1646
759
108
144
1198
649
721
1469
17
950
721
1002
1055
369
653
1571
1228
2046
660
2046
70
1872
1588
568
472
1600
2046
2057
772
180
2046
1934
660
826
109
759
822
1597
1035
759
108
900
868
1004
2046
1895
70
2057
153
1231
568
447
1017
1879
1651
1701
1219
1474
1219
20
153
515
1693
1255
1103
653
1540
993
1103
1702
553
2038
1900
1077
558
292
1315
754
349
72
1540
843
1077
1897
1315
556
971
835
460
2057
826
824
1212
1107
1447
460
1447
1107
1600
1255
1986
1107
1447
460
1447
1107
1600
39
2046
1107
566
1970
1255
1417
1107
1447
460
1447
1107
864
1039
1107
1447
460
1447
1107
302
446
167
1107
565
458
1600
1706
1450
568
2046
138
1938
2057
153
167
2046
1884
753
1421
1790
2068
986
1941
1360
950
2068
986
855
1941
1360
950
2068
986
855
1941
1360
950
2068
986
1941
1360
950
2068
986
1941
1360
950
2068
986
1941
1360
950
2068
986
1941
1360
950
2068
1790
738
79
2046
2068
1275
2053
1790
2068
986
855
1941
1360
950
1790
1995
1661
1979
2008
1255
1275
1668
1790
2068
986
1941
1360
950
2068
986
855
1941
1360
950
2068
986
1941
1360
950
2068
986
1941
1360
950
2068
986
1941
1360
950
2068
986
1941
1360
950
2068
1790
660
993
822
553
1687
1809
660
759
1891
500
568
1308
39
1035
167
653
1084
1275
55
670
2018
39
653
1275
55
1107
55
1938
626
165
1069
1107
55
1938
1048
1630
570
1790
570
1652
1790
307
39
366
1440
1738
653
1353
1403
1540
1240
1941
653
1195
1809
660
653
1231
1102
1687
939
670
438
810
653
167
2012
1015
500
1941
1164
499
1474
541
1107
579
759
1510
568
653
1045
568
1687
1916
45
904
653
1687
1129
388
453
479
2059
759
1583
1231
568
1661
653
949
144
580
759
568
653
568
1689
2008
473
1687
553
929
1231
1102
1674
2057
892
623
1576
70
500
1941
1116
1116
2057
10
568
1891
600
1685
1498
41
1295
1090
1116
500
1941
1126
1468
1540
1692
1687
1107
1891
635
1421
2038
684
992
1891
500
500
1929
1646
1472
295
1607
976
1132
1116
653
348
500
1941
1116
1528
1090
1134
976
1132
785
1255
500
1941
1478
371
1116
101
1503
1421
1696
1268
1891
1493
1421
628
1369
644
748
653
759
108
1107
1891
1421
1333
1092
1238
1092
1421
644
684
1891
644
1421
644
684
992
1035
748
61
1845
1512
1990
759
1421
493
644
1687
1701
97
1552
1497
145
653
456
1889
1037
1862
986
1417
986
2057
1694
1839
598
1315
2049
28
553
1552
420
112
1621
1035
748
653
487
1972
112
1972
1035
1107
1891
635
1421
644
684
992
1035
1526
742
748
1948
759
2057
822
1952
753
1905
1503
1421
1696
1268
1891
1493
1421
628
1369
644
748
653
759
108
1107
1891
1421
1333
1092
1238
1092
1421
644
684
1891
644
1421
644
684
992
1035
1905
1503
1421
1696
1268
1891
1493
1421
843
1916
713
1107
1891
1421
1333
1092
1238
1092
1421
1916
1540
285
468
1107
1891
1421
1333
1092
1238
1092
1421
684
1891
1617
1421
684
1891
1617
1421
684
992
1891
1617
748
1421
568
1891
1617
101
1503
1421
1696
1268
1891
1493
1421
843
1916
713
1107
1891
1421
1333
1092
1238
1092
1421
1916
1540
285
468
1107
1891
1421
1333
1092
1238
1092
1421
684
1891
1617
1421
684
1891
1617
1421
684
992
1891
1617
748
1421
568
1891
1617
1952
1462
1696
688
1891
349
1687
1121
401
653
3
2052
2057
307
77
653
2046
871
2046
1856
496
1025
568
1588
568
1588
850
1856
496
526
1790
258
1151
785
1701
926
1028
2009
1103
349
1421
1203
175
1151
553
243
126
108
670
1157
126
2041
828
2031
1028
1789
126
126
1194
822
1352
824
568
1588
1421
519
844
655
1758
1107
1891
1162
844
655
844
655
1622
1789
808
1296
469
504
844
655
302
527
504
844
655
1107
1960
822
881
690
980
406
1768
1895
1622
1789
808
1296
469
504
844
655
302
527
504
844
655
1107
1960
822
881
690
980
406
1768
1895
349
1915
1151
1382
1513
189
2057
1895
292
425
406
653
2057
438
644
406
834
1655
903
516
1411
63
1110
1980
837
644
1209
615
1215
615
1273
131
1275
644
341
481
1326
1883
131
1338
644
1496
1209
615
1790
1665
41
292
1904
1209
623
837
131
1932
896
1552
679
1082
780
1510
354
1961
644
1496
1870
644
1496
615
615
1209
1646
880
1932
896
1256
1198
1242
169
644
1275
26
341
481
1326
1706
1275
579
778
2012
1490
5
1749
292
780
425
1576
593
1322
458
778
2012
1646
674
1617
1308
1883
189
652
605
1275
430
844
655
793
1970
1067
1102
2049
1789
875
644
1082
670
438
232
1120
789
2057
1120
644
1269
1059
492
1162
1269
644
1269
2000
1552
1891
644
684
565
1841
1891
641
644
1404
2000
2000
1132
692
692
1353
1104
443
1104
1269
644
1269
41
1269
644
1269
1552
1891
644
684
565
1841
1891
641
644
1552
1891
644
684
369
1891
1445
1496
1891
1445
1103
1103
1891
1445
1103
1665
1103
1891
1445
1103
1665
1103
1891
644
684
101
1503
1421
1696
1268
1891
1493
1421
203
843
1107
1891
1421
1333
1092
1238
1092
1421
644
684
1891
644
14
897
1107
1891
1421
1333
1092
1238
1092
1421
644
684
1891
644
1421
644
684
1891
644
1789
1914
1543
1107
1891
1421
644
684
1891
644
1238
1238
1019
1110
1980
837
644
1209
615
1019
1322
2048
721
615
2017
615
292
1469
1503
1421
1696
1268
1891
1493
1421
203
843
1107
1891
1421
1333
1092
1238
1092
1421
644
684
1891
644
14
897
1107
1891
1421
1333
1092
1238
1092
1421
644
684
1891
644
1421
644
684
1891
644
1162
1824
1051
492
690
1790
750
568
1107
844
655
1256
1508
1790
583
644
1835
1275
1824
1051
492
1421
853
1107
844
655
1341
1622
1789
808
1296
469
504
844
655
302
527
504
844
655
1107
1960
822
881
690
980
406
1768
1895
514
1107
692
834
1341
406
406
565
615
146
750
1107
406
1622
1789
808
1296
469
504
302
527
504
1107
1960
822
881
690
980
406
1768
1895
1552
1891
1622
1891
1891
910
1891
910
1891
1957
1891
1254
1891
1254
1107
121
695
469
565
484
1768
994
2053
1496
406
565
1463
609
73
1701
940
1970
738
1162
1282
61
1411
775
660
514
243
1693
1016
1357
1107
834
568
114
72
41
644
660
406
775
2000
1170
1725
646
972
644
21
1110
2036
2057
1614
822
738
469
1411
2057
822
1941
1600
469
1414
605
1999
644
1687
1059
388
492
947
249
169
1282
1053
1980
1282
768
349
1701
926
349
1094
291
1153
93
2041
1540
1047
822
178
730
1952
1940
10
1401
878
98
36
108
637
432
1687
1809
660
1540
759
913
1121
797
1701
1635
1960
1891
1514
1770
535
1360
1360
1360
153
1661
153
153
153
1529
379
1049
1529
1379
1335
1701
1526
562
2041
2053
1960
1041
1687
285
1701
245
1701
2057
1879
1305
457
1108
1674
2033
1103
780
869
1082
413
95
1929
238
1941
995
660
1701
689
770
262
1696
1408
1891
1435
1907
970
2057
1512
1701
1408
623
1315
670
996
1835
1067
584
1106
1685
525
898
789
1315
1905
1503
1421
1696
1268
1891
1493
1421
843
1916
713
1107
1891
1421
1333
1092
1238
1092
1421
1916
2018
39
773
1107
1891
1421
1333
1092
1238
1092
1421
298
10
1421
39
1421
39
298
10
1421
39
1421
39
684
1421
39
684
1421
39
684
1421
39
684
1891
1421
39
684
1891
1421
39
684
1891
39
1421
39
684
992
1421
39
568
1421
39
568
1421
39
568
1421
39
568
1891
1421
39
568
1891
1421
39
568
1891
39
101
1503
1421
1696
1268
1891
1493
1421
843
1916
713
1107
1891
1421
1333
1092
1238
1092
1421
1916
2018
39
773
1107
1891
1421
1333
1092
1238
1092
1421
298
10
1421
39
1421
39
298
10
1421
39
1421
39
684
1421
39
684
1421
39
684
1421
39
684
1891
1421
39
684
1891
1421
39
684
1891
39
1421
39
684
992
1421
39
568
1421
39
568
1421
39
568
1421
39
568
1891
1421
39
568
1891
1421
39
568
1891
39
1284
2057
1059
2001
1806
1366
1275
924
1317
372
1960
2001
1279
1970
1279
432
1713
702
1472
39
773
759
1772
553
1035
93
2057
2057
603
799
845
1540
93
1028
112
243
93
1696
1408
1891
1435
1605
1856
1421
2057
1874
653
1878
1017
914
1702
223
1696
1891
753
112
1003
2057
73
124
1892
2014
1408
1790
1610
1610
1610
89
1790
653
1171
1610
456
1790
89
870
1610
1610
1610
655
89
1431
1790
870
1582
2069
655
238
1431
101
1503
1421
1696
1268
1891
1493
1421
112
1003
1690
1035
1540
913
1107
1891
1421
1333
1092
1238
1092
1421
1077
684
1891
1103
1610
492
1328
1786
330
1273
1269
1273
1269
67
655
1409
1409
715
378
1790
1103
2057
981
89
1149
1107
1891
1270
1891
1702
1409
1702
1472
1877
801
1891
813
1742
567
1540
1788
813
1532
1610
405
1610
1610
1217
584
1102
35
818
2020
354
759
1786
101
1503
1421
1696
1268
1891
1493
1421
112
1003
1690
1035
1540
913
1107
1891
1421
1333
1092
1238
1092
1421
1077
684
1891
1103
1610
1696
1408
1891
1435
93
801
349
353
1701
2057
2039
1017
913
1295
659
1803
2000
1790
1273
1269
976
982
1706
1430
736
684
246
1803
946
1891
1891
1891
1891
1891
1891
1891
1891
1891
1891
1103
1610
1665
1891
1103
1665
1891
1103
1665
1891
1103
1665
684
1790
1687
913
1409
660
715
1687
567
1877
1540
1674
913
1985
1687
1742
567
2054
1964
2061
1964
961
712
95
1600
947
2066
1162
627
2066
607
653
281
653
1913
1457
1275
816
1121
2000
1965
1696
1630
95
1547
1107
816
460
544
886
349
1687
1600
653
996
2008
879
1965
2057
1790
2046
1590
2012
1789
721
710
1402
676
789
500
1496
192
2046
697
498
1472
1275
500
653
1793
458
642
1881
653
337
2008
1809
660
653
2057
7
1166
553
1861
500
2008
568
1964
2061
1344
990
1701
1789
1540
1687
1142
653
2068
491
1103
72
660
144
1103
1761
1909
1308
1335
1687
127
1540
1118
127
273
347
72
2008
1090
579
1199
1582
1883
1817
822
759
1808
1892
764
1540
837
922
1980
1939
1273
1269
653
536
1416
1273
1269
412
1738
986
719
653
1891
1077
748
519
1588
986
39
1107
1891
635
1421
1077
568
1891
1103
1103
1790
1467
1429
292
670
1188
1817
474
1817
292
106
1273
492
1696
1268
1891
1493
1421
1891
1273
2057
1588
983
1016
1970
1107
1891
635
1421
1077
568
1891
1103
1946
2057
1738
986
1891
1103
748
1273
1269
2057
1137
653
1421
165
1016
951
1275
447
1015
1053
1904
1416
1053
1904
1416
995
1408
1066
1119
1282
385
536
1416
1326
1098
1923
735
1416
1110
303
1098
1246
1734
2014
1626
321
1619
39
170
2057
512
1416
1735
2057
992
380
408
2055
1098
1580
995
1208
1738
2078
232
1098
1999
408
2055
1098
1835
1913
670
61
2057
1753
568
1035
1094
1016
653
493
514
969
653
502
1269
299
1269
27
519
1904
536
1416
612
768
1421
1429
1904
474
1877
822
1082
292
2057
1188
354
839
1626
1016
653
785
1701
349
1552
333
1904
1416
2046
1588
1103
1789
1416
660
822
401
39
1626
2057
93
1790
1162
1275
1273
1904
333
844
1416
1651
262
1107
555
1904
1416
1891
1891
10
282
1665
1107
1835
1835
1611
752
1790
1529
1790
715
1813
1835
1642
1790
1817
1817
1790
1766
1514
273
1282
1564
1017
209
1185
719
1835
1275
687
1487
1209
276
458
1665
1688
514
1763
1103
1467
1790
1432
1891
364
1786
759
653
1916
1687
1540
568
1701
822
959
753
1405
670
653
759
759
1685
120
1952
1916
193
653
454
1002
1082
1883
1281
1685
1877
1540
1815
1910
1380
143
1952
485
1421
2059
2059
1891
2059
1016
61
653
1986
1275
1986
132
506
1390
1696
1408
1891
332
474
506
1390
1269
1273
641
1269
1835
752
1611
1632
1769
1835
1646
590
1646
1941
1861
830
1736
1835
1736
1835
580
1835
778
1769
1835
1835
752
1611
1632
580
1835
1035
414
908
1035
407
1835
582
1581
1611
752
132
1600
568
956
653
641
586
1790
292
616
616
1702
1702
1891
1445
1702
1891
1891
1891
1103
1891
1103
1891
1103
1103
1891
1514
1891
1514
1891
1514
568
10
1514
1103
1103
568
2057
1665
2046
1904
1817
1817
282
568
1693
754
1693
1588
1103
1103
1090
2026
1353
1862
1090
1646
1941
1861
1103
1665
282
1693
282
1360
1688
1688
956
1175
1688
1790
499
976
10
1514
1107
1249
1891
1514
1891
1514
1891
1514
1891
1514
1891
1514
1891
1514
1891
1514
1891
1514
1891
1514
1891
1514
1891
1514
1891
1514
1891
1514
276
1891
1103
1665
1891
1103
1665
1891
1103
1665
292
2057
1665
2046
1852
762
1960
1852
762
1683
1852
762
1683
246
762
1960
1683
1960
1422
1695
905
1422
1695
1328
1422
1695
905
1422
974
640
905
1422
974
640
1422
1422
1422
1422
1328
1422
599
1422
1422
1850
1422
640
1422
1328
462
905
767
1328
462
905
767
1328
462
905
767
462
905
767
462
905
767
1328
462
905
767
684
61
1729
487
759
1790
871
1599
461
1790
559
1379
770
436
826
1472
1778
1127
1103
1910
1421
670
1812
1910
1421
261
61
2057
2048
1600
1790
822
2059
528
1876
911
690
822
652
469
1056
1107
1891
1499
1214
296
456
1468
759
1328
1696
753
753
1037
568
1960
2018
1876
469
2048
759
1524
1876
469
1696
1891
1876
1068
131
1090
1468
568
1290
511
826
2057
269
1876
469
2059
1942
1243
2059
1876
1696
1421
2057
1952
857
1916
759
1696
1891
1876
759
1055
1876
469
753
740
1421
1012
753
1132
1873
753
1769
2009
1068
131
1090
1468
568
1993
1323
1468
568
386
2032
1670
1856
1307
1670
2032
1468
1672
165
1790
400
1457
1670
1640
709
2057
1131
1685
1386
512
669
1134
1138
1670
662
2057
1082
2005
1517
813
1032
929
1231
1102
568
514
1835
2000
822
2054
2029
1152
90
554
1905
738
814
2018
1120
1960
1107
809
1109
1742
1107
1524
1275
1162
568
813
1565
847
1688
459
1740
1790
565
1891
2038
1269
334
565
1891
1077
1269
334
565
1891
2038
1269
334
523
1344
565
1269
334
565
2038
1269
1102
565
1891
2038
1269
334
1035
1858
523
1344
565
1269
334
565
1270
1269
334
1035
1858
523
1344
565
1891
1891
2038
1269
334
1035
1858
523
1344
565
1891
1891
645
1269
334
1035
1858
565
1891
1891
2038
1269
334
1035
1858
523
1344
565
1891
1445
1445
887
1269
334
1035
1858
523
1344
565
1445
712
1445
712
1269
334
523
836
565
1891
1269
334
565
1891
1269
334
565
1445
1972
1445
1972
1269
334
523
1344
565
1891
1269
334
565
1445
1972
1445
1972
1269
334
523
1344
565
1269
334
565
1269
334
523
1344
565
1269
334
565
1891
293
293
1269
334
565
1445
712
1445
712
1269
334
523
836
565
1891
293
293
1269
334
565
1891
293
293
1269
334
523
1344
565
1891
293
293
1269
334
565
1891
293
293
1269
334
523
1344
565
1891
293
293
1636
1269
334
565
1891
1269
334
565
1269
334
523
1344
565
1891
816
1270
945
1269
334
565
1269
334
565
484
1269
334
565
1269
334
565
1269
334
523
836
565
1269
334
565
1598
1269
334
565
1269
334
565
10
10
1269
334
565
1611
1269
334
565
1269
334
565
1269
334
565
2038
1269
334
565
1269
334
1790
1307
1670
951
1903
1822
400
687
1634
1634
1457
459
1468
1273
1383
1069
1243
721
690
254
1110
1058
1131
893
1674
1687
451
1701
519
844
1308
256
653
351
1790
1269
1273
1269
351
615
1790
366
1162
1763
1269
1273
1269
1107
1891
2038
262
956
1674
892
398
10
1255
106
759
568
1255
1308
1701
1883
1701
1275
1646
1941
2078
721
681
1687
1472
1103
778
2019
1879
1790
778
1107
1646
1941
1646
615
1790
514
1320
2057
476
585
1665
699
1674
2078
110
1107
1891
2038
262
1037
1646
1941
615
1072
1615
264
1907
1220
1016
10
1103
478
1103
1738
784
1124
227
1308
1107
1891
2038
262
1646
1941
615
684
1237
1307
337
2038
1468
1795
2075
2063
1704
398
615
480
1256
10
480
1696
1891
753
1959
670
772
615
1256
1143
398
615
480
1224
1041
1516
398
779
1256
2008
1993
1256
2008
398
1588
615
2008
398
1756
1256
10
480
1588
398
653
337
868
2008
1704
1568
1466
10
2057
401
759
303
1002
286
1067
1107
1805
653
1809
660
869
554
286
749
1260
568
653
41
653
458
1738
179
843
653
1646
653
211
1646
568
653
956
72
844
10
1941
1941
993
1786
351
653
1441
1425
476
1790
1175
844
262
1790
1786
653
1042
1790
1256
10
1790
1282
157
653
337
868
1856
2008
1308
1256
10
702
1790
2068
986
1941
1360
950
1790
398
1296
2008
1481
615
1790
2068
986
1795
1941
1360
950
1790
398
1447
469
770
1646
1941
1308
1338
93
1220
264
1646
1941
339
493
1646
1941
615
370
10
660
1623
749
1016
924
1035
185
1768
1270
1916
660
238
2057
1359
1701
1696
1790
1408
95
1835
1884
1028
1060
951
1151
756
1850
1789
2078
1790
1701
2057
1964
1151
1686
826
123
1789
568
1058
1696
1408
1435
1789
2078
1701
1813
156
238
32
1891
330
1891
330
1891
550
330
1891
330
1891
1077
1665
330
1891
1077
1665
330
1891
1077
1665
330
1891
1077
1665
330
1891
1665
330
1891
1665
330
10
1077
1665
1891
844
1891
844
1891
500
1891
500
844
1891
844
844
1891
481
1891
481
1891
684
432
391
969
1514
1103
10
1671
799
813
416
813
670
1538
970
1972
469
567
813
473
869
653
1868
32
112
167
42
337
436
826
951
459
572
1986
565
1269
334
565
1598
1269
334
565
1269
334
565
10
10
1269
334
516
685
1687
1995
413
95
1779
1107
678
1847
1891
873
506
1993
1540
394
1701
1696
1790
1408
1043
1697
1809
660
568
753
1231
568
1472
690
1687
913
568
753
1872
1427
615
2077
740
120
615
740
1427
568
1128
291
1090
293
120
1774
481
740
326
1989
1934
81
1427
740
740
615
1427
2014
615
1902
689
1440
1997
916
1717
615
702
1624
1985
901
615
740
326
801
615
1425
1696
1408
1891
1877
1697
1696
1408
1891
1877
1697
1472
1623
1934
865
740
326
1835
589
787
1296
1427
1872
1781
293
1695
819
293
1198
2057
84
1512
293
729
385
740
326
492
1151
621
1387
1427
1486
10
10
653
10
1486
10
10
653
1526
1391
236
615
1427
740
1759
615
1427
1500
721
236
93
1792
1455
236
1427
2009
380
881
1184
10
801
702
236
615
1910
993
1427
740
453
1500
2014
615
1792
531
326
1856
1421
1128
1904
96
1427
71
1924
1290
1248
740
1427
865
453
654
276
779
1290
293
2057
493
924
615
1994
276
1169
1941
276
727
2003
276
553
740
2057
1970
1941
1941
580
1290
293
2057
1954
276
493
615
727
1427
1272
293
2057
1131
727
807
1809
660
293
43
924
568
2046
1939
1856
293
1421
236
615
1789
615
568
2046
1275
1876
916
1717
615
1282
349
740
1427
10
801
1248
740
1427
236
615
96
1427
1738
1483
740
615
1231
1102
586
1801
385
236
615
1017
236
1801
1134
1231
568
1429
1904
740
615
1790
293
1904
993
936
349
598
1102
514
1993
653
1242
958
412
826
10
653
740
1427
615
553
221
60
829
10
660
1997
302
759
218
615
740
1427
1326
598
1790
1623
615
1941
580
1941
1209
1941
740
1427
1546
524
1168
615
1524
1916
740
1427
559
940
869
661
1914
928
901
541
1107
694
548
18
1162
551
971
740
1427
1455
1427
1697
1353
580
1941
580
1681
1196
246
1630
1829
740
580
1432
246
1630
236
279
1455
1427
1697
1353
236
1941
549
1681
1196
360
246
1630
1427
236
246
1630
1176
60
703
436
788
307
740
1427
10
929
1465
660
286
293
1214
1790
2042
1809
660
568
753
1231
568
1472
690
1429
1302
568
1904
615
2003
1258
740
865
1427
2074
740
865
326
1789
1914
1801
1506
826
1427
865
740
1427
615
52
340
615
1776
615
1427
865
1776
615
740
2046
2054
1427
615
276
93
1954
276
39
1941
1209
1752
1313
493
283
453
279
10
637
1500
615
553
1728
863
1865
1419
649
615
293
1701
759
1085
1701
1195
72
1540
2057
844
615
1868
623
1809
660
293
43
924
568
2046
1382
740
1427
615
1537
1687
913
1532
1382
385
615
727
740
1427
39
1789
1916
179
577
1427
615
1275
1829
740
580
1432
1829
740
615
287
1768
1768
1768
1768
916
1717
615
427
580
1427
740
1427
1801
924
1789
1914
1801
2049
935
615
1801
1455
1333
1427
101
1503
1421
1696
1268
1891
1493
1421
568
653
553
1107
1891
1421
1333
1092
1238
1092
1421
1077
568
992
568
1326
95
137
1147
188
1930
95
1107
1891
1421
1333
1092
1238
1092
1421
1916
1421
1077
684
1891
1103
1421
1077
568
1891
1103
101
1503
1421
1696
1268
1891
1493
1421
568
653
553
1107
1891
1421
1333
1092
1238
1092
1421
1077
568
992
568
1326
95
137
1147
188
1930
95
1107
1891
1421
1333
1092
1238
1092
1421
1916
1421
1077
684
1891
1103
1421
1077
568
1891
1103
473
61
238
1786
653
1789
535
1734
2049
945
1107
1630
1724
1748
1748
1103
1998
648
1103
1998
535
1734
1148
1588
986
1145
391
1468
689
1090
1976
93
1015
1790
590
1790
1541
985
1185
535
1734
801
1037
288
557
61
451
1701
568
292
61
1945
349
1220
1220
357
1244
1904
2057
1868
623
1468
689
1290
868
1491
357
637
1786
653
917
1472
1877
1891
1724
1418
660
822
1742
567
567
1877
101
1503
1421
1696
1268
1891
1493
1421
1540
1877
1688
1107
1891
1421
1333
1092
1238
1092
1421
1916
1421
1273
684
1891
1421
1273
684
1891
1702
1421
1273
684
1891
1702
1421
1273
684
1891
1702
1421
1273
568
1891
1421
1273
568
992
568
2012
101
1503
1421
1696
1268
1891
1493
1421
1540
1877
1688
1107
1891
1421
1333
1092
1238
1092
1421
1916
1421
1273
684
1891
1421
1273
684
1891
1702
1421
1273
684
1891
1702
1421
1273
684
1891
1702
1421
1273
568
1891
1421
1273
568
992
568
2012
61
2046
72
127
472
1077
1125
931
986
127
472
1688
1017
757
986
1037
704
872
996
1540
61
61
591
1856
959
1701
778
1164
127
472
1646
1108
127
472
1808
72
1457
845
2078
127
472
1891
1171
127
472
1408
1496
1939
1108
1875
986
1789
629
631
95
1786
1468
653
1701
1856
1688
1282
1688
759
996
1429
1231
568
1687
1696
1392
2012
1695
1551
328
68
1356
1468
615
1536
986
1609
1617
39
1301
161
1871
1469
1707
1107
1891
985
2066
1225
1559
84
581
2066
788
1373
111
242
262
84
748
1164
1791
1738
161
739
262
1496
1225
1559
84
581
2066
1591
494
580
1366
349
1877
379
588
1701
553
1088
568
568
637
826
1737
1225
1166
2050
787
60
689
1687
1770
577
1600
1799
1326
1192
314
1567
2012
589
633
292
1179
1094
1099
1365
1952
1288
423
1085
1458
1736
633
1875
1779
2057
93
286
1103
1790
589
589
1356
1687
1341
568
456
1070
2046
1875
1769
1458
1458
1477
1536
87
1790
10
1736
1536
1744
1875
1769
1744
1536
1736
1790
1325
1162
1790
10
1790
993
1790
10
1536
1790
1458
1455
748
1584
1769
1179
748
1584
36
425
1326
868
1790
10
1536
1790
1458
487
1825
1233
1769
748
1584
1041
1295
1845
826
446
1442
1421
1034
1446
249
1755
2057
563
466
825
60
1989
1084
1103
766
61
801
349
380
340
1540
1687
789
127
472
1862
1077
1909
385
127
472
1791
1993
1824
1986
1273
1269
93
1835
176
127
1769
517
1809
660
3
2057
826
1103
1913
1290
492
185
1107
1891
1531
2000
349
61
451
1701
568
2046
1701
1536
1701
1512
1809
826
330
1118
233
1540
1674
1891
1845
816
637
1222
351
286
1536
861
1598
1114
982
982
1769
633
1458
292
748
1668
1868
93
731
446
1458
356
1536
1467
993
124
1598
1192
1217
653
1275
134
1835
481
145
823
291
1090
2066
323
1687
85
1674
1891
93
1462
1701
1045
2054
1826
473
1769
1651
63
803
787
589
2019
660
93
472
1835
375
574
965
1536
823
1326
1783
1566
669
1830
1499
453
2057
689
1701
93
2018
1326
1458
1210
849
1748
2022
165
292
1687
1800
183
1185
1598
1367
1524
95
1701
1701
822
2054
1701
1350
1790
1536
1826
93
1736
933
915
1826
1769
63
1011
57
1769
63
924
1350
351
1107
1319
1598
1630
1736
1536
1185
1137
953
127
472
93
1999
1536
1919
734
652
61
61
1701
243
568
2046
1731
1499
568
2046
436
93
1696
1891
635
506
1421
1891
1817
112
1344
1791
1360
1360
1360
633
2012
633
2053
1472
969
1877
660
1552
789
127
472
1862
1290
1275
657
926
1512
1701
1291
1179
1891
292
95
1360
1181
1736
1181
715
1360
1181
1736
1688
873
155
682
778
179
2009
1941
1099
682
1769
1600
1769
1769
1600
1769
456
2009
1736
1600
1769
1736
1600
1769
311
2009
580
1600
580
778
1769
1600
1769
778
1769
1600
1769
456
351
778
338
458
1035
960
1598
1458
580
1600
580
179
2009
1769
1600
1769
1600
778
311
2009
1217
1736
1600
1769
1736
1600
1769
1217
1651
1769
1600
1769
1600
1629
1600
580
1629
1600
1459
1600
1459
1789
1217
1257
1661
1492
1458
1447
953
1617
1630
1646
1941
1256
1856
1790
475
1042
1875
986
565
292
1736
565
670
307
654
1769
1399
1090
2046
1231
568
1701
1540
1826
1736
1042
715
915
598
1790
1769
490
349
770
1472
124
1382
124
2057
1879
1686
293
1275
1269
492
1696
1268
1891
1493
1421
1891
1273
948
660
1701
1480
124
331
506
492
1139
1648
1537
1273
1269
1687
913
305
293
1696
1408
1891
1877
1697
1648
1537
1273
1269
305
567
1891
293
813
1877
920
1107
1408
1891
187
293
2057
615
1924
1891
293
1688
2057
999
554
1512
1891
293
1877
920
1121
112
292
1517
1550
63
3
2045
612
436
826
1891
293
1577
615
116
615
1356
1809
660
869
1103
554
1845
615
841
1924
615
1708
1159
2053
1182
2008
1360
1472
1710
713
886
2046
2057
1502
1400
2056
1198
93
1255
713
689
1789
183
2046
886
739
1909
579
1895
1231
568
553
892
826
1256
10
1166
146
2068
950
886
2046
1325
1720
2046
1696
1408
1891
1435
984
1622
349
567
349
1151
909
567
1696
1408
262
1701
349
1028
2046
670
653
1768
1977
93
984
1185
1962
653
522
568
2046
1934
1166
1275
2046
93
348
690
1233
39
1622
1588
655
690
1977
921
1070
568
2046
1690
1985
702
1724
1344
822
1352
568
292
1156
2057
1824
1051
492
1651
1540
1030
858
1091
1295
1845
349
1472
1701
349
641
1002
1078
1151
2057
1151
1107
799
1891
1891
1162
1421
1701
1472
1835
1648
615
1790
615
2038
684
1891
1795
725
1630
1107
725
725
1107
10
246
1630
246
1630
1795
778
1107
1646
1941
1646
615
1075
778
1353
1501
1646
1107
506
1220
580
580
2054
2000
1107
506
1220
1432
1941
615
1941
1790
2049
615
366
1656
1737
1103
2057
615
993
2057
1817
1577
517
1084
302
689
1275
1763
1103
753
1103
436
795
146
1103
330
1790
653
1103
802
1103
1617
1665
1953
2003
492
273
1603
61
101
1503
1421
1696
1268
1891
1493
1421
2048
1646
1514
273
1275
1107
1891
1421
1333
1092
1238
1092
1421
1077
684
1891
1103
1790
1421
1077
568
1891
1103
1790
1019
366
1656
1737
1103
2057
615
993
1019
1103
1103
1514
273
1817
615
1145
299
1103
1084
559
586
1514
273
1646
1577
517
1084
1260
2057
458
1366
1790
1688
1469
77
1035
768
1514
922
276
1441
135
1472
615
543
615
615
1646
2057
517
1514
273
1790
1817
289
289
1941
1360
1646
1360
289
1353
1646
1353
1661
1665
1646
1693
1790
101
1503
1421
1696
1268
1891
1493
1421
2048
1646
1514
273
1275
1107
1891
1421
1333
1092
1238
1092
1421
1077
684
1891
1103
1790
1421
1077
568
1891
1103
1790
670
1275
1824
1051
492
1273
1273
1269
1273
644
1790
1924
1315
1055
282
349
1789
483
2046
1146
1809
660
1835
568
1824
1051
492
1429
175
2050
359
1891
293
727
1906
1939
644
2057
1701
1821
1891
644
388
492
644
1269
1838
1658
750
1468
637
1107
721
1646
1941
1256
1789
483
2046
23
339
1877
1742
644
57
1395
644
1701
591
1273
57
1328
644
1211
374
492
330
1685
1497
396
644
1273
1269
644
2010
1107
1891
644
1838
93
330
492
652
1113
1275
644
644
993
1273
644
1211
644
1332
1273
1776
579
1934
344
630
61
2057
1824
1051
492
1273
492
330
568
1701
644
291
1070
365
292
1503
1421
1696
1268
1891
1493
1421
1273
644
1211
1055
1671
1340
483
2046
913
1107
1891
1421
1333
1092
1238
1092
1421
1273
684
1891
101
1503
1421
1696
1268
1891
1493
1421
1273
644
1211
1055
1671
1340
483
2046
913
1107
1891
1421
1333
1092
1238
1092
1421
1273
684
1891
863
1939
641
753
1701
331
61
436
2078
492
330
853
1273
1269
1273
1390
644
1269
1789
1389
124
644
1390
641
1268
1753
1593
644
1696
1268
1891
1493
1421
101
1503
1421
1696
1268
1891
1493
1421
1540
112
455
813
1107
1891
1421
1333
1092
1238
1092
1421
1273
684
1891
1421
2038
684
1891
1702
1421
2038
684
1891
1103
99
1421
2038
568
1891
1702
1421
2038
568
1891
1702
1421
1077
684
1891
1103
1421
1077
684
1891
1103
678
1421
1077
684
1891
1103
1421
1077
684
1891
1103
1421
1077
684
1891
1103
1421
1077
684
1891
1103
1421
1077
684
1891
1103
1421
1077
684
1891
1103
1421
1077
568
1891
1103
1610
1421
1077
568
1891
1103
1626
1421
1077
568
1891
1103
1421
568
1891
1421
568
1891
1617
1421
568
1891
349
1715
427
759
1121
1829
1194
868
1789
773
101
1503
1421
1696
1268
1891
1493
1421
1540
112
455
813
1107
1891
1421
1333
1092
1238
1092
1421
1273
684
1891
1421
2038
684
1891
1702
1421
2038
684
1891
1103
99
1421
2038
568
1891
1702
1421
2038
568
1891
1702
1421
1077
684
1891
1103
1421
1077
684
1891
1103
678
1421
1077
684
1891
1103
1421
1077
684
1891
1103
1421
1077
684
1891
1103
1421
1077
684
1891
1103
1421
1077
684
1891
1103
1421
1077
684
1891
1103
1421
1077
568
1891
1103
1610
1421
1077
568
1891
1103
1626
1421
1077
568
1891
1103
1421
568
1891
1421
568
1891
1617
1421
568
1891
660
822
2038
768
164
2009
1447
1270
2057
1669
424
366
1696
267
1455
1942
1639
1377
1942
1069
237
389
736
660
1137
298
653
1808
516
1151
388
955
1377
2057
1669
424
751
99
1107
799
99
635
415
1377
1964
1377
1442
1790
1107
1442
1611
2057
843
1035
1998
951
1377
1559
1669
951
1377
1696
389
643
1472
380
1194
1390
1035
1264
1540
296
1701
1877
1028
453
951
1923
388
660
955
1103
298
2057
353
1800
446
1940
1408
1763
1651
1465
349
993
1086
380
612
1503
388
955
1991
1339
1790
1448
1030
1601
1103
1408
2000
176
1868
623
1687
1687
2008
553
1789
1653
653
401
2057
568
2046
302
835
1107
1576
2008
1166
1408
2046
1142
2046
742
964
2008
1308
2039
1277
1696
1891
1876
1243
1701
1035
1640
1992
1651
1724
1275
354
1167
1701
1107
43
1852
1333
1877
1877
1697
230
1908
1631
1407
653
2057
1604
1275
1891
1702
1702
653
282
655
586
1077
670
1960
1305
653
341
598
655
1891
1103
1665
598
653
330
519
724
1003
653
1041
1412
918
1646
1275
565
1224
1891
1103
1665
1315
1320
1275
1962
1688
655
653
483
1116
655
653
142
1079
653
230
354
2053
499
1841
1103
1224
280
2049
535
1960
1476
1070
2081
1913
354
1167
1724
491
228
39
1891
1103
1665
1075
1075
1665
1075
1075
976
512
2046
1067
1162
1724
2046
1128
1055
1003
653
1808
2046
1162
1035
641
485
976
723
568
1817
1999
1025
1926
1587
1067
1186
1789
1760
1588
2026
1353
1862
653
1103
1693
1103
1665
1693
1093
189
413
95
1275
367
431
1003
653
1327
1472
416
1835
1035
660
349
2057
1128
822
1742
1877
567
1701
45
653
1687
683
2041
1916
1913
1147
553
1231
1102
1090
1540
568
1044
2049
1897
1281
1875
759
653
1002
1815
1952
886
1875
1540
108
1540
1687
553
568
653
1308
1134
1400
1785
1142
1132
61
541
366
1077
763
50
1290
2057
698
1801
826
2057
1687
2000
996
2076
1345
442
268
1041
660
1090
1775
297
1959
615
1987
525
1537
615
297
268
1607
418
398
1902
297
2057
244
63
615
660
1110
1000
425
615
1077
1775
297
553
2054
2073
1408
1121
2054
868
553
1457
1701
822
724
2046
10
2046
886
930
621
1197
684
1508
655
110
660
1023
2053
1231
1102
514
913
1687
416
541
1270
1150
615
2012
1588
1588
1150
1552
1913
1457
1561
1107
1891
1421
1077
684
1891
1103
959
1238
1333
1223
1646
292
1817
1817
1693
2057
1904
1222
615
923
1552
305
1408
456
2014
1732
1732
1413
1445
887
1445
712
1445
1702
300
387
1891
1903
222
1138
1413
1671
400
1837
2018
759
641
1085
868
1107
1891
635
2035
1151
1445
298
1162
1278
1102
238
930
754
1738
1216
565
565
1014
1891
641
565
565
565
951
6
992
1317
481
565
565
565
565
1891
1529
101
565
1891
2038
101
565
1891
1077
101
565
1891
101
565
1891
1256
101
565
1891
1732
101
565
1891
644
101
565
1891
101
565
565
492
101
565
565
1797
380
565
954
565
354
565
229
1725
684
1891
1103
684
1891
1103
568
1891
1103
2046
1910
229
1725
759
1198
1242
660
112
243
136
1902
1932
106
1665
380
1939
553
568
1964
2061
913
1687
416
559
1245
2057
222
754
751
458
1868
1743
623
1552
106
39
653
106
886
2046
10
2046
568
1363
568
1326
814
2038
10
1222
1841
754
1687
759
1920
1815
1098
1130
1790
380
1509
108
1931
868
432
1275
1273
1269
1273
1269
615
615
10
1074
380
1680
1067
1270
1763
1337
1077
433
615
130
653
1122
1856
1103
1963
1315
1665
754
2043
918
1103
1868
623
458
481
615
1219
1514
273
1337
1121
1869
736
1972
1351
1107
249
1958
1891
1368
315
541
727
1421
1035
1590
880
1674
822
369
262
1701
1524
678
95
722
1406
653
1701
1028
1035
2049
469
1028
57
1877
1290
1133
1275
1035
2057
238
1408
1531
1035
1618
534
1876
492
1035
1390
1035
2057
1879
353
349
1035
2057
951
1377
1687
913
124
456
567
1696
1408
913
926
1665
1845
330
60
567
1877
1657
567
813
1696
1540
1872
358
653
2057
1231
1102
358
653
330
1442
1231
568
1312
213
1924
1651
500
1929
1813
985
562
1421
858
1690
951
1377
1016
1877
758
754
358
1102
370
1861
993
358
251
1409
754
2057
1937
1540
1801
2057
1499
1168
1028
1103
1335
539
2070
567
1235
1789
1909
358
1042
1256
500
1235
370
1861
12
238
567
1861
1235
1318
653
358
893
1162
1540
2008
653
1861
956
1016
589
302
1696
43
1877
1697
500
2008
95
1929
660
1540
500
2008
1235
568
653
358
1107
1437
1600
501
843
1701
1121
1129
858
1594
351
1742
1877
430
449
108
844
1960
100
1687
1857
2057
2057
1524
95
1674
1993
488
1790
498
1524
95
799
2057
401
282
1701
1790
1107
1891
678
717
1687
913
1090
206
814
1845
615
615
615
1037
946
226
1128
1290
1914
508
615
481
97
1829
292
946
201
1520
723
349
822
1352
568
1460
2057
643
822
470
293
57
1816
637
2046
1685
902
684
57
23
380
1152
1789
172
1993
1877
293
1993
562
1468
637
2046
615
615
1037
615
860
1468
1734
826
1979
2046
336
1499
759
868
1752
1877
454
564
182
293
869
1877
293
3
1468
2046
2000
568
892
1857
868
1308
1249
63
1591
1425
380
2021
1457
1308
1166
146
1087
778
517
1979
5
1883
1964
2061
1964
1674
1857
1595
197
644
859
2012
109
644
778
517
846
1198
1789
1097
1097
778
517
1097
778
517
1789
1097
778
517
1097
1097
1097
778
517
1097
375
1097
1097
1308
846
1198
1097
778
517
1097
1097
1955
1235
1097
1308
1789
219
1789
778
517
585
1035
759
1097
1308
759
1097
1142
778
517
65
1789
1097
274
1097
274
375
1789
1097
1142
778
517
1097
274
65
1789
1097
1142
778
517
1789
1097
109
1674
1198
1480
868
398
778
517
1097
1235
1423
2041
146
625
2060
327
1591
1097
2078
122
1789
940
689
68
1885
146
446
1451
1110
1790
1964
1561
1235
1790
1671
1519
621
1790
1665
2072
39
1235
2057
1040
780
615
837
810
778
2019
1907
787
799
2057
1308
1790
1042
636
41
1964
1304
1925
95
937
1473
122
778
547
234
1005
1701
357
610
1148
9
1768
2067
937
398
1509
1473
721
63
1378
778
1097
1097
446
2052
1042
1661
1165
1216
547
1216
1665
1317
1060
1050
1964
1674
653
1883
1701
70
1255
1025
1006
1701
989
1685
380
1457
65
351
945
1826
1045
481
1904
1097
1646
1941
2078
721
778
517
14
73
938
1353
302
195
1027
1843
1075
1097
1789
195
302
33
1308
1790
1166
146
1087
778
517
1674
1790
1095
1745
2056
178
95
1239
1687
1857
1964
270
759
1540
1701
961
1060
759
1472
262
305
293
1877
349
293
1151
531
1686
1964
2061
961
2057
826
284
1255
904
644
1381
1540
1701
239
1871
1782
483
1793
2057
492
644
453
1668
2012
355
1989
911
1194
1315
1008
285
483
2054
2057
298
702
474
1651
1790
822
843
2057
641
1035
1540
2046
914
644
976
1648
224
1035
2057
93
1151
759
843
1151
2009
644
1269
1696
1942
1891
1646
1891
644
641
1753
330
492
366
2057
2048
2054
1753
641
843
1552
519
1665
2046
746
644
1840
1161
1162
978
1273
644
644
976
2057
826
822
1295
652
653
1631
615
653
746
644
333
1103
1482
1348
653
967
302
1651
2054
653
1939
644
1729
644
976
1162
2046
543
644
976
1035
1482
653
1273
644
1211
746
644
898
2057
1171
898
898
2046
615
1231
1102
2057
898
179
1993
1941
93
1090
500
1941
1941
1256
341
1798
1256
868
898
292
868
2008
398
2068
986
1941
1360
2068
986
1941
1360
2008
500
1941
500
1941
1941
1256
341
1798
1256
868
898
292
868
2008
398
2068
986
1941
1360
2008
500
1941
770
2008
302
1561
890
1687
913
1945
612
1674
913
2046
456
1870
898
2046
898
1035
1748
315
1132
732
653
456
213
1035
1748
653
1941
1981
1035
856
46
1015
653
857
1048
1540
1273
1494
856
1069
305
1107
1909
1630
1494
670
653
898
292
615
559
179
653
898
1256
1677
1941
2057
653
898
670
1513
1941
1035
292
1256
2018
1397
63
2046
452
1778
1341
39
994
2053
1230
653
1859
1342
1329
899
1103
1687
1625
1809
660
826
653
1230
826
615
337
1188
653
659
275
615
7
1872
2046
2057
529
943
137
913
1687
1909
2048
743
1007
392
423
650
653
637
238
264
7
275
615
2048
63
1687
913
892
1748
1326
256
2046
2046
456
1035
898
898
1007
637
904
264
1588
2046
624
2048
2046
1326
1975
312
1897
1687
913
1540
49
1701
73
1687
495
98
36
553
500
565
2000
1354
1809
660
1320
1986
1107
1220
1328
75
615
1835
743
653
801
898
292
1835
1979
1679
293
519
653
1309
801
292
293
1171
1748
1326
341
573
106
2057
774
1400
1600
653
438
653
801
1041
256
637
249
1687
1674
1939
2046
1789
1813
1688
1646
590
1646
1941
1256
637
1687
416
436
1540
1209
1194
1746
1588
199
1209
2019
305
1646
324
1964
961
1231
568
1674
249
1964
2061
801
1513
1610
1525
1610
801
601
675
1167
325
195
1457
1449
160
1610
195
1465
1610
1505
1350
1485
686
536
2057
1513
1232
1252
601
141
230
1353
1186
230
536
1610
103
39
801
1550
460
1222
615
1458
1610
1843
2057
2046
456
690
905
399
1880
1507
160
1478
1736
1762
1938
1507
1790
341
380
1610
653
1037
160
801
615
1880
615
1458
76
1185
2046
241
631
653
1626
993
615
615
2057
1537
1923
1540
2057
1810
1610
1525
601
1610
1790
609
1525
1507
1687
473
2057
446
653
738
1941
653
1552
38
1786
1206
1370
1988
1458
536
1843
1507
380
1687
563
484
2036
1863
1626
653
471
101
1503
1421
1696
1268
1891
1493
1421
1540
1877
1688
1107
1891
1421
1333
1092
1238
1092
1421
1916
1421
1273
684
1891
1421
1273
684
1891
1702
1421
1273
684
1891
1702
1421
1273
684
1891
1702
1421
1273
568
1891
1421
1273
568
992
568
2012
1701
1067
1790
589
1790
1665
1360
660
1108
1898
1875
986
1328
1790
497
51
872
1108
1157
589
137
1426
1572
345
2073
759
1701
892
137
1010
101
1503
1421
1696
1268
1891
1493
1421
1540
1877
1688
1107
1891
1421
1333
1092
1238
1092
1421
1916
1421
1273
684
1891
1421
1273
684
1891
1702
1421
1273
684
1891
1702
1421
1273
684
1891
1702
1421
1273
568
1891
1421
1273
568
992
568
2012
1171
1688
793
1913
1714
1809
660
869
554
653
2057
1176
1877
1877
1315
534
644
826
317
1875
850
1588
1198
1231
1102
1754
271
1688
2027
2053
1862
986
373
1805
1496
1540
1705
61
1657
1668
1103
95
1668
789
2057
95
938
670
759
1916
95
72
477
913
759
717
1929
1646
1941
1588
1256
1964
2061
1687
759
1355
993
410
959
2073
1745
553
568
1802
169
1573
101
1503
1421
1696
1268
1891
1493
1421
1540
1701
562
1107
1891
1421
1333
1092
1238
1092
1421
684
1891
1617
1421
684
992
778
319
1891
1617
1421
568
1891
1617
553
101
1503
1421
1696
1268
1891
1493
1421
1540
1701
562
1107
1891
1421
1333
1092
1238
1092
1421
684
1891
1617
1421
684
992
778
319
1891
1617
1421
568
1891
1617
1904
615
653
653
1646
1537
1882
564
1701
1648
1646
1904
2017
615
2001
1107
1172
1162
653
1891
1230
1891
1275
1496
167
1465
1230
670
1904
615
690
803
1930
653
1657
567
1891
1877
1230
2057
615
1913
1457
86
1552
805
1403
970
653
993
1290
653
1255
1610
536
653
820
1416
993
42
1162
82
1286
901
1121
1674
1687
1952
497
249
1116
739
1788
1738
1321
1513
1513
952
329
759
1964
2061
759
2061
2057
307
1552
488
506
95
251
146
42
24
791
1175
653
1578
392
1790
210
977
1540
1599
1070
555
770
1102
1134
42
1009
653
195
653
1578
1134
42
2057
1874
46
2023
2073
1035
766
1035
2057
1687
1738
553
1334
763
1540
1599
770
1102
1134
42
1009
653
195
653
1578
1134
42
2057
1874
366
1811
212
2014
1773
42
1009
46
2023
2073
1035
766
1035
2057
2057
2023
1687
2057
1540
1780
721
2046
2068
1856
1644
1687
1002
924
1769
517
1290
993
982
24
988
763
93
713
231
474
2014
1846
1126
1790
1174
1472
759
439
392
530
993
1687
913
1162
994
2053
1243
619
1173
1344
615
822
1993
473
619
1790
1538
2000
619
1136
95
2057
1176
1835
1648
1688
619
1162
1243
1273
1763
994
2053
653
1269
1273
641
1269
615
637
2057
1993
1243
1273
453
1337
93
1701
619
1790
1835
383
615
749
1344
615
190
1939
10
845
2078
1107
1240
1929
1256
10
292
917
754
1017
1441
10
1646
568
1701
2057
1879
1947
113
1790
1786
421
1540
2057
307
759
822
1687
1687
108
101
1503
1421
1696
1268
1891
1493
1421
759
1171
1670
655
1789
1400
913
1107
1891
1421
1333
1092
1238
1092
1421
1077
684
1891
1103
1892
759
1905
1503
1421
1696
1268
1891
1493
1421
759
1171
1670
655
1789
1400
913
1107
1891
1421
1333
1092
1238
1092
1421
1077
684
1891
1103
1687
759
108
1328
1035
1273
492
1056
660
1701
2057
1051
492
1329
822
736
1247
1913
1055
45
1421
225
331
1947
45
1687
958
1328
1273
1269
2046
1537
1782
1626
1482
653
1786
1162
1273
641
1269
690
2057
822
307
2046
736
1247
1162
1273
1269
168
1511
2046
1035
61
2000
1946
2057
1738
986
1891
1103
748
1273
1269
61
623
1970
232
747
1688
2046
1416
39
1231
568
562
39
1904
536
1416
1659
39
1794
562
39
1904
536
1416
1659
39
473
940
39
1035
1343
1166
2018
1701
985
39
1829
1055
1044
787
1804
1408
1877
293
1636
1269
1077
1269
499
980
246
1636
684
1891
246
246
1891
1567
1891
1567
1891
1567
1891
1567
1891
472
2018
276
1524
1891
1871
1891
1871
1891
1871
1891
1871
1891
1871
1891
293
1891
293
1891
293
1891
293
583
1891
293
1891
293
1891
293
1891
1103
1665
1891
1103
1665
1891
1103
1665
1891
1103
1665
1891
1103
1665
1891
1103
1665
553
568
1207
509
1035
436
1540
439
293
1636
1269
1636
1269
1553
575
850
1540
1090
1231
568
293
1960
1406
850
293
492
1173
1472
1231
1102
562
568
1960
238
1045
727
293
1636
1690
293
292
62
1993
1090
568
292
293
153
1231
568
1032
1790
293
568
1913
1231
568
514
293
662
243
1363
290
293
1636
1540
1701
349
2057
1294
60
568
689
1374
481
1904
615
292
1893
1190
928
2057
1326
662
1701
1588
1924
919
293
768
293
1035
492
653
1874
1436
1644
568
292
1679
380
718
425
714
2057
1694
653
917
2046
1942
439
1636
2046
2046
39
292
1032
1789
1960
653
1102
2046
1856
1231
568
58
514
1701
1696
1408
1891
1877
1697
419
759
1945
1789
753
1705
1701
246
1636
684
1891
246
246
1891
1567
1687
1945
1835
293
870
670
1188
2046
1032
347
1090
1231
568
293
1363
727
653
1032
892
349
1697
101
1503
1421
1696
1268
1891
1493
1421
112
536
1209
1107
1891
1421
1333
1092
1238
1092
1421
1077
684
1891
1103
1421
1077
568
1891
1103
1421
1077
568
1891
1103
101
1503
1421
1696
1268
1891
1493
1421
112
536
1209
1107
1891
1421
1333
1092
1238
1092
1421
1077
684
1891
1103
1421
1077
568
1891
1103
1421
1077
568
1891
1103
568
653
1786
1260
1354
743
1465
721
1465
743
1120
703
1522
782
670
649
1465
177
743
432
2008
826
1110
93
1142
1017
1738
822
307
653
9
307
2046
10
1330
1107
1630
975
1696
2040
740
568
541
162
822
438
157
486
1960
1275
1647
736
1804
1945
307
1790
1224
1702
1195
1891
1891
500
1360
1647
535
1360
1315
1360
941
655
844
1360
844
715
715
1360
941
655
1235
150
1195
1360
1195
150
1359
1235
1195
1647
150
788
1472
1534
1054
10
181
10
754
10
1235
10
809
2057
1044
1874
759
456
1472
843
564
888
349
1701
1421
660
822
93
2057
870
366
1107
692
1104
1421
1841
1104
381
759
2057
1952
753
349
1096
746
814
852
843
1292
2009
380
1010
804
1007
2046
61
1964
2061
1964
1964
1964
1102
1429
742
2053
1084
10
1688
349
959
305
1877
293
729
1877
615
1924
843
1292
397
240
1696
1408
1891
1877
1697
1877
615
1924
843
1292
397
240
1696
1408
1891
1877
1697
250
2009
380
1322
759
108
418
1768
250
615
1197
814
2003
993
1989
615
936
1790
696
615
759
1322
349
1152
553
568
1326
293
293
456
1468
1102
1874
1053
1480
293
1408
759
568
568
1786
1540
568
568
1326
227
898
1103
137
263
39
1345
1503
1421
1696
1268
1891
1493
1421
1028
1445
887
353
1916
1107
1891
1421
1333
1092
1238
1092
1421
1916
1421
1077
298
10
101
1503
1421
1696
1268
1891
1493
1421
1028
1445
887
353
1916
1107
1891
1421
1333
1092
1238
1092
1421
1916
1421
1077
298
10
1690
1012
1421
61
1035
887
1035
1213
951
1401
660
1928
14
1035
265
1472
436
1540
1445
887
822
868
1701
1151
1145
826
1913
1028
1674
913
887
768
1107
1132
1037
296
1880
1962
353
124
762
1035
928
1028
1308
1909
1
1847
1993
552
1035
748
1021
185
1349
868
1445
887
1035
60
1176
1913
1195
1686
1789
1228
1557
929
1375
1151
1035
2057
1028
1939
1421
1102
514
1090
14
887
1077
298
10
1035
1035
1349
1445
887
380
887
1077
1738
473
553
1035
712
1035
1166
1622
753
1738
787
660
401
759
61
1789
653
1485
1786
653
653
122
1089
1595
1184
1089
898
1485
653
1789
1089
898
1646
2057
1108
493
1835
1648
976
1789
615
1591
615
122
1184
600
1934
1206
1934
1600
653
122
2057
600
122
1184
1835
1924
579
1790
1077
600
122
1184
1904
1472
909
1696
1408
1891
1877
1697
1472
1877
1891
293
567
1809
660
1877
293
1107
1408
1891
187
293
307
653
947
161
1877
124
909
1696
1408
1891
1877
1697
349
293
490
349
770
868
124
2057
1879
293
1690
1275
1269
492
1696
1268
1891
1493
1421
1891
1273
948
1674
1687
1945
1813
293
2049
1971
986
2053
1596
2081
940
1883
1701
1964
1964
1147
1556
759
1687
1540
568
759
1964
2061
1674
436
826
759
189
1472
1738
1315
1723
1960
1315
1017
1687
1674
1857
1687
1561
759
1789
1914
1924
1315
1457
759
1964
16
1909
291
293
249
272
1968
1049
249
759
293
1877
1696
1408
1891
1877
1697
291
1110
1090
568
1768
1831
754
625
1260
458
1472
2037
29
1758
169
293
944
2057
2000
568
1463
1964
961
1524
1876
469
1696
1891
1876
562
2008
743
2046
562
1832
167
147
1540
2057
269
1876
469
2059
1942
1243
2059
1876
1696
2057
1952
857
1916
759
1696
1891
1876
759
1055
1876
469
753
740
1421
1012
753
1132
1873
753
1769
1702
2009
562
2008
743
2046
2008
2008
1696
848
1724
650
1548
947
947
349
1090
1255
2008
1941
1231
1524
1879
1876
469
1696
1891
1876
1674
2057
307
653
1701
1789
615
2057
1283
1043
1493
759
1224
753
353
759
1673
1453
658
1103
778
296
1231
568
313
1729
1077
684
992
778
319
1891
1103
1103
1729
1077
568
1891
1103
658
653
2012
959
1468
615
1688
982
1552
1891
1673
417
247
1346
368
1182
1748
678
1673
1748
49
759
1436
1701
843
759
653
2077
568
417
653
1835
634
330
1790
653
982
101
1503
1421
1696
1268
1891
1493
1421
353
759
1673
1453
658
1103
778
296
1231
568
313
1107
1891
1421
1333
1092
1238
1092
1421
1077
684
992
778
319
1891
1103
1103
1421
1077
568
1891
1103
658
1428
1103
1818
778
1428
1910
1231
568
568
956
759
359
1231
568
1510
1891
1103
1103
653
653
1701
1918
653
1055
1175
506
690
1687
894
759
826
1408
660
1138
1082
413
95
1701
1472
1877
2057
2018
1701
91
2078
413
95
1162
361
1646
1941
1256
2012
1789
615
1674
1786
1468
658
653
1059
1824
1648
615
1103
1107
1891
635
1421
165
1269
1273
1390
1273
641
1269
615
1098
2023
1077
568
992
568
1326
568
658
615
658
500
1941
5
1077
1269
1273
1390
1273
641
1269
1891
844
1098
2023
1077
568
992
568
1326
667
2030
658
1256
2012
1601
759
1688
1924
869
1891
1673
417
247
1346
368
1182
1748
678
1673
1748
49
1979
1701
101
1503
1421
1696
1268
1891
1493
1421
353
759
1673
1453
658
1103
778
296
1231
568
313
1107
1891
1421
1333
1092
1238
1092
1421
1077
684
992
778
319
1891
1103
1103
1421
1077
568
1891
1103
658
393
1809
1952
1462
1696
688
1891
1552
1014
826
759
1721
1835
996
1275
1445
887
1891
1445
1445
887
1035
1035
1855
257
1012
379
1035
1077
1275
1891
1445
1445
887
1035
1035
1910
1891
1445
1445
887
1035
641
1035
1012
388
1035
353
641
1699
620
1576
439
349
959
939
568
1326
428
1891
1780
1194
267
1421
568
1499
39
637
428
1891
1780
1137
568
637
561
568
267
1085
568
182
1985
759
1786
634
1259
292
633
1353
1303
472
232
458
1472
61
1891
1970
1359
759
1102
2050
349
892
1945
1688
1856
1790
27
467
1744
1744
1744
796
427
1744
1744
1469
63
1144
1353
1353
1744
1744
1353
1353
1744
1744
1353
1744
1744
1353
684
1744
1914
924
634
707
1744
684
1744
1231
1102
796
1949
1738
1597
1353
1303
1178
1353
553
1646
251
553
1102
759
1472
670
798
1952
62
479
1809
1538
1945
1231
568
93
2012
1668
760
1663
1815
1013
660
3
1259
436
1333
1470
1744
580
1353
684
1744
1225
1353
1178
1353
986
1353
1668
1353
1786
1687
1107
202
1834
351
1790
39
39
637
796
2047
1294
1868
623
1809
660
3
1600
653
660
1231
568
921
1540
1900
463
349
1600
653
1877
1738
296
1790
1790
1085
380
1884
307
292
568
1032
1701
934
1035
291
1701
868
61
660
95
2057
1171
2017
615
2046
370
763
1097
770
1544
282
2017
615
1097
1544
1923
558
409
1569
167
653
106
996
1746
844
1326
660
514
282
1103
660
1544
653
2017
615
347
2064
1960
1236
282
1790
76
653
1790
2049
243
2010
1554
598
63
1628
1097
1872
763
1404
1464
1107
1771
1107
44
1262
63
670
844
770
1934
996
1138
1509
1123
1891
759
196
1732
1891
1732
333
73
1924
1253
148
148
2049
1732
641
1269
759
196
1732
1891
1732
333
73
1924
1253
148
148
2049
1287
1732
641
1269
2057
369
553
759
1421
641
641
1035
579
1413
1472
553
1151
1623
1790
196
1732
1891
1849
1820
333
73
1924
1253
148
148
1891
1103
1626
926
333
73
1924
1253
148
148
196
1732
1891
1849
1820
333
73
1924
1253
148
148
1891
1103
1626
926
333
73
1924
1253
148
148
1891
196
1891
196
1891
196
1891
196
1328
246
736
1328
736
1790
1498
1599
1790
826
349
1604
1445
1702
1789
1077
1194
95
536
1903
660
1413
1445
1972
1552
1914
684
1260
1138
401
1972
1891
117
1445
1972
1891
1061
1972
117
1445
1972
1842
1035
1445
1972
1552
695
638
406
2046
679
1972
1098
1648
1002
401
1445
1972
579
1732
1107
1891
2001
1972
1175
1696
1061
1891
1548
2023
1972
1107
1576
951
1445
1972
1445
1972
1269
1107
1576
951
1269
1648
976
553
969
1138
1747
1648
976
1186
1138
2057
401
1033
1720
1789
1260
751
1033
562
14
1107
14
1069
1540
1701
1189
837
1732
204
1123
401
843
553
759
1503
1421
1696
1268
1891
1493
1421
369
519
1102
1328
1440
1275
568
1243
93
1732
1732
1077
1102
1302
1307
913
1107
1891
1421
1333
1092
1238
1092
1421
1732
298
10
1421
1732
568
1891
1732
1909
1168
837
568
195
1638
913
1107
1891
1421
1333
1092
1238
1092
1421
2038
684
1891
2024
1077
1818
319
611
319
2080
1333
1888
146
445
1151
1732
787
1959
2057
1889
69
403
863
799
1333
759
1472
1891
759
1891
1445
1972
189
1732
369
34
1732
131
115
1527
492
1273
400
1496
291
400
1732
15
400
1837
1835
1231
1102
305
1408
456
2014
1732
1732
1413
1445
887
1445
712
1445
1702
300
387
1891
1903
222
1138
1413
1671
400
1837
2018
759
641
1085
868
1107
1891
635
2035
1151
1445
298
10
101
1503
1421
1696
1268
1891
1493
1421
369
519
1102
1328
1440
1275
568
1243
93
1732
1732
1077
1102
1302
1307
913
1107
1891
1421
1333
1092
1238
1092
1421
1732
298
10
1421
1732
568
1891
1732
1909
1168
837
568
195
1638
913
1107
1891
1421
1333
1092
1238
1092
1421
2038
684
1891
1674
553
759
1835
1453
1231
1102
1732
353
1732
1077
1068
1235
1103
1166
65
1102
93
1404
1404
1235
1103
1818
319
1732
353
1102
896
92
1036
1090
579
1102
1240
1929
1616
553
759
924
770
1421
1035
759
108
108
759
660
334
492
813
1732
456
165
2057
369
1972
196
1732
1891
1732
333
73
1924
1253
148
148
1891
1445
1972
1902
1328
396
131
115
73
400
1243
1959
492
1732
382
770
185
400
1532
1837
214
400
400
1077
293
1792
1098
1837
536
1732
1961
1413
400
1837
1445
887
1732
1445
712
1891
2038
1891
645
1732
896
1891
1837
1891
1837
1841
1035
660
1694
1194
1732
1814
2027
1732
298
653
1809
660
759
1732
298
702
1924
1205
1950
1168
852
1295
918
1231
568
2038
131
1886
95
1103
1363
274
343
1900
559
1889
1818
2057
1150
1900
1077
568
2046
760
1077
1889
400
1891
1445
1972
1789
1914
1787
1552
1275
1891
951
1035
1300
1899
158
596
1724
634
596
111
1630
977
1097
1811
1353
650
1811
1035
64
1144
650
850
1972
2025
1891
666
14
1496
1972
1651
1205
571
1532
1914
1627
109
1972
196
1138
1383
1445
1972
553
1732
92
1036
1138
1102
1090
1445
1972
1445
1972
568
1124
1732
1090
1445
1972
568
1837
10
1588
1124
568
1090
1445
1972
92
1036
391
296
1701
120
313
1552
225
1674
852
1434
146
1671
437
445
1151
1001
759
1868
1270
14
1552
383
1243
1138
1912
1077
2057
235
319
1732
1732
1108
1260
1856
689
612
1077
1837
401
486
2066
1737
595
1077
1016
131
856
1068
1875
1077
131
1090
57
131
1090
400
1737
837
399
1090
112
1077
784
660
1275
131
28
45
61
568
653
464
568
637
506
1188
458
826
506
637
1353
2009
565
532
1744
1353
1353
1353
1744
1744
1941
1744
2009
1744
1744
1353
1353
1744
1744
1472
419
568
292
1037
633
1941
906
1513
292
261
976
1490
499
980
1668
2012
77
292
622
1801
660
423
1588
592
1200
719
592
1444
1513
292
1669
292
1110
1320
63
618
61
1657
1540
1044
670
1188
292
568
61
1592
876
1177
1361
1833
1687
451
1701
238
285
568
637
1320
1353
633
633
715
986
986
633
1320
1935
2009
1260
822
1786
396
386
1738
1552
1275
1552
1275
386
1688
1688
63
1786
2046
2049
822
1395
886
1204
1688
63
1100
653
886
1786
2057
1395
2001
1107
1891
684
39
689
660
920
387
536
1665
424
914
1350
1524
553
996
672
383
689
568
653
542
1366
1809
660
1082
1103
1790
1872
656
386
1231
568
801
39
1790
1786
1701
1790
1935
2002
739
1786
568
886
886
886
886
2026
568
536
1111
1646
1941
1256
1111
1111
2026
568
536
1111
886
1646
1097
1075
1646
1941
615
2017
1075
1413
2026
568
536
1111
886
1646
1097
1075
1646
1941
615
2017
1075
1413
2026
568
536
1111
886
886
1646
1097
1075
1646
1941
615
2017
1075
1413
2026
568
536
1111
886
886
1646
1097
1075
1646
1941
615
2017
1075
1413
2026
568
536
1111
886
886
886
1646
1097
1075
1646
1941
615
2017
1075
1413
2026
568
536
1111
886
886
886
886
1646
1097
1075
1646
1941
615
2017
1075
1413
2026
568
536
1111
886
886
886
886
886
1646
1941
1256
886
886
2026
568
536
1111
886
886
886
886
1646
1941
1256
886
886
886
2026
568
536
1111
886
886
886
1646
1941
1256
886
886
886
2026
568
536
1111
886
1646
1941
1256
886
886
886
2026
568
536
959
778
179
2009
1256
1353
1748
898
456
1256
1035
763
569
1355
2009
1853
748
1713
1927
778
2053
569
898
569
778
569
311
2009
1853
748
2053
569
1853
748
1256
1748
898
569
179
2009
959
1217
778
311
2009
1713
1927
351
569
778
763
569
1217
1853
748
778
898
569
1217
763
569
778
351
569
778
763
569
1355
1646
1941
1256
292
1413
2018
353
886
653
1043
1790
1688
278
39
1688
822
1043
1540
689
612
1687
416
1189
689
61
1021
2061
689
1815
348
242
1103
1467
1042
1790
95
1790
1646
536
653
1197
2027
242
720
1090
646
644
1472
1110
487
1090
568
753
1970
1059
2057
93
334
1328
506
1751
349
1198
1786
39
386
9
770
1970
1970
684
1891
1970
2009
559
1701
493
983
412
886
653
412
886
653
670
1677
536
292
1929
1408
1701
1269
2046
1902
886
886
814
118
886
653
886
1116
1353
814
886
385
1646
886
1039
504
845
1856
1790
1835
611
11
597
98
1103
780
2026
380
985
438
553
1468
39
1696
1891
611
11
597
98
1519
1515
1241
985
527
832
1687
500
2008
553
1231
568
770
568
653
305
1701
1056
1224
723
1701
302
1696
1408
1891
1435
307
406
2018
1701
653
73
1674
436
826
1836
406
1687
653
1058
1772
161
754
39
926
246
1891
293
1891
293
1891
1103
1665
1891
1103
1665
1891
1103
1665
1772
293
352
1103
424
653
1408
1519
1531
1085
95
1599
293
401
1255
1394
101
1503
1421
1696
1268
1891
1493
1421
1687
1952
1107
1891
1421
1333
1092
1238
1092
1421
684
1891
1617
1421
568
1891
1617
1696
688
1891
101
1503
1421
1696
1268
1891
1493
1421
1687
1952
1107
1891
1421
1333
1092
1238
1092
1421
684
1891
1617
1421
568
1891
1617
553
1102
129
36
963
1790
1194
1175
1190
1440
2018
993
384
349
1786
759
753
759
1540
1687
759
959
1877
1155
653
817
818
152
1941
2068
61
446
1421
2057
826
759
1601
1421
1151
822
1977
1665
653
976
1877
780
1155
653
1687
826
1994
1507
1517
292
589
1610
1449
1274
820
1631
801
1165
1260
1986
1115
690
292
291
1290
1909
826
1790
484
1687
568
653
826
1786
2046
1687
1168
1097
653
2046
653
1353
2057
1665
822
474
1458
2057
1904
615
589
1610
1097
1674
898
2057
1904
1507
2057
438
1610
1598
1458
1306
291
2057
1171
589
1610
1927
2057
1171
1687
436
788
798
1541
1552
670
1986
1115
615
1458
1458
1986
1115
867
1457
42
660
1877
1610
139
1458
1986
1115
867
711
1478
589
1610
1097
826
2002
660
822
605
1541
1084
1230
2018
653
1507
1255
969
1939
1904
615
1541
1612
1709
653
568
615
1275
929
1787
1939
285
2046
1275
179
1317
898
1537
615
1037
546
42
1521
160
1537
1549
2029
1877
1742
1168
1960
2018
1541
1687
416
349
1421
1686
2057
307
568
456
1366
1289
385
615
39
696
615
76
59
76
660
1851
1598
1458
738
330
968
1034
799
1561
689
653
1665
852
293
1877
1696
1408
1891
1877
1697
589
492
1051
1891
293
349
1891
293
1151
1686
1269
653
951
1377
1107
951
1524
1879
1876
469
1696
1891
1876
1687
913
194
1742
1524
1876
469
1696
1891
1876
1256
886
398
10
1645
886
2046
713
925
1540
1199
1480
1701
388
1701
1696
1408
1891
1435
2057
269
1876
469
2059
1942
1243
2059
1876
1696
886
398
2057
1952
857
1916
759
1696
1891
1876
759
1055
1876
469
753
740
1421
1012
753
1132
1873
753
1769
1220
2009
1256
886
398
10
1645
886
2046
713
1687
153
996
1302
1429
1231
568
1180
1952
1281
449
787
861
1524
1879
1876
469
1696
1891
1876
1524
1876
469
1696
1891
1876
454
447
854
480
398
1916
447
854
480
993
302
73
398
1562
1480
1701
2038
773
1268
394
1077
773
568
1905
1552
1607
194
868
1687
1701
1696
1408
1891
1435
2057
269
1876
469
2059
1942
1243
2059
1876
1696
259
480
2057
1952
857
1916
759
1696
1891
1876
759
1055
1876
469
753
740
1421
1012
753
1132
1873
753
1769
1220
2009
454
447
854
480
993
302
753
1769
1220
2009
759
1835
576
1907
933
1423
101
1503
1421
1696
1268
1891
1493
1421
837
1231
568
93
844
1090
93
996
1429
913
1107
1891
1421
1333
1092
1238
1092
1421
1077
568
1891
844
1600
1891
1269
913
1107
1891
1421
1333
1092
1238
1092
1421
1077
568
992
568
1326
1269
568
813
1696
1266
485
641
485
584
690
1162
1738
1266
1788
10
1738
639
398
886
1570
1790
1282
690
1701
2057
1879
349
1905
1503
1421
1696
1268
1891
1493
1421
500
2008
1423
398
985
9
770
1941
1907
913
1107
1891
1421
1333
1092
1238
1092
1421
2038
684
1891
500
1421
2038
568
1891
500
1421
2038
568
1891
500
1588
1424
398
2068
112
898
1423
1934
66
1090
1560
1529
1929
1638
1168
913
1107
1891
1421
1333
1092
1238
1092
1421
2038
684
992
1891
500
10
1090
1302
1231
568
1900
1296
480
398
1353
274
913
1107
1891
1421
1333
1092
1238
1092
1421
2038
568
1891
500
1421
2038
568
992
1891
500
589
10
1400
106
1255
418
1661
663
2008
1423
1147
398
1433
770
634
1400
1021
369
653
539
1335
1873
1876
469
913
1107
1891
1421
1333
1092
1238
1092
1421
2038
684
992
1891
500
10
1421
1077
568
1891
844
1090
1072
713
2000
799
1229
653
1651
913
1107
1891
1421
1333
1092
1238
1092
1421
2038
684
992
1891
500
10
1905
1503
1421
1696
1268
1891
1493
1421
500
2008
1423
398
985
9
770
1941
1907
913
1107
1891
1421
1333
1092
1238
1092
1421
2038
684
1891
500
1421
2038
568
1891
500
1421
2038
568
1891
500
1588
1424
398
2068
112
898
1423
1934
66
1090
1560
1529
1929
1638
1168
913
1107
1891
1421
1333
1092
1238
1092
1421
2038
684
992
1891
500
10
1090
1302
1231
568
1900
1296
480
398
1353
274
913
1107
1891
1421
1333
1092
1238
1092
1421
2038
568
1891
500
1421
2038
568
992
1891
500
589
10
1400
106
1255
418
1661
663
2008
1423
1147
398
1433
770
634
1400
1021
369
653
539
1335
1873
1876
469
913
1107
1891
1421
1333
1092
1238
1092
1421
2038
684
992
1891
500
10
1421
1077
568
1891
844
1090
1072
713
2000
799
1229
653
1651
913
1107
1891
1421
1333
1092
1238
1092
1421
2038
684
992
1891
500
10
837
1231
568
93
844
1090
93
996
1429
913
1107
1891
1421
1333
1092
1238
1092
1421
1077
568
1891
844
1600
1891
1269
913
1107
1891
1421
1333
1092
1238
1092
1421
1077
568
992
568
1326
1269
1876
911
1468
10
1738
1256
886
1941
296
886
2046
713
1696
1891
1876
346
1738
447
480
854
1696
1891
1876
801
1145
302
1877
1891
500
1024
480
1165
2068
302
500
770
2008
743
886
653
713
615
1423
65
1256
886
2068
742
398
362
823
770
1935
10
653
1526
615
2008
1038
95
480
2068
647
109
2026
1353
1862
1397
1269
380
1256
460
1282
1256
460
1648
615
719
1984
615
65
1877
1333
480
398
1878
689
259
480
1410
447
259
2068
302
1832
480
259
15
1685
1738
2008
1308
2027
127
409
543
1875
1941
1738
705
823
823
2008
1423
647
2026
1353
1862
2068
568
302
703
553
1166
1876
1198
770
1231
1168
1809
660
568
1055
1876
469
1835
383
1643
1701
1454
292
1930
1992
536
292
713
20
20
20
20
20
20
20
778
20
1831
20
785
509
1148
1665
2017
1661
936
743
2053
2012
1930
1779
743
1779
852
660
1540
406
649
536
292
754
1574
862
145
684
292
27
690
1779
743
392
1247
1964
2061
506
293
1891
291
970
1585
1914
1484
1201
1465
1429
653
458
816
1057
1608
961
913
506
293
1883
1701
754
536
637
1998
1964
1964
270
759
8
1964
961
1835
562
343
1231
1102
1103
660
1217
313
2079
786
164
1701
1152
1693
1046
1083
1077
660
1897
1045
1795
2003
1671
1384
636
517
199
262
95
1964
2061
1964
1060
1050
1687
1809
660
308
1905
2057
924
2018
1231
568
889
1162
409
1894
653
20
1940
1701
653
93
715
1600
653
358
653
609
3
215
1789
39
653
1128
932
653
1540
1540
1808
1790
1676
1231
568
2009
1151
1275
1877
175
1151
1121
592
349
653
341
113
1269
1824
1835
175
1151
341
113
1051
1205
1593
1175
1696
1268
1891
1493
1421
95
1057
799
1275
799
1168
296
1162
568
653
492
734
653
976
1472
349
293
2057
822
1082
653
519
1753
2057
1784
1824
1051
492
1273
1269
519
293
359
1421
768
349
61
1657
238
689
1877
578
1804
1098
1576
715
474
2012
39
109
1845
1951
1352
1701
61
72
1409
1701
653
1809
660
153
1231
568
1701
1275
1121
421
307
653
653
2023
1168
568
1896
612
2057
291
1687
436
2078
1874
1409
1701
1687
1687
2000
564
1651
1701
877
1790
2053
1243
734
1017
503
1796
1834
195
1891
205
2057
1409
1891
205
514
104
1742
278
353
1275
330
869
1790
1790
1788
1513
1790
956
223
1790
1687
1064
2006
498
1395
657
1360
1834
195
1409
1790
1648
1409
292
1701
292
61
553
568
1540
1687
1141
537
330
1561
1701
540
341
1790
1275
1724
1472
2046
1575
660
653
1353
1529
1834
340
743
105
159
1834
2057
551
2046
1203
474
307
2018
2018
715
307
307
307
715
307
715
349
293
768
1916
759
1916
2057
492
293
1540
1266
293
768
124
1651
293
1877
1696
1408
1891
1877
1697
2029
124
970
1877
868
1503
1421
1696
1268
1891
1493
1421
1904
634
866
614
2046
1107
1891
1421
1333
1092
1238
1092
1421
1077
684
1891
1103
1421
1077
568
1891
1103
101
1503
1421
1696
1268
1891
1493
1421
1904
634
866
614
2046
1107
1891
1421
1333
1092
1238
1092
1421
1077
684
1891
1103
1421
1077
568
1891
1103
1789
753
1012
1421
1044
61
1064
563
913
760
1222
1595
292
10
568
568
568
1524
898
10
568
1222
1595
292
10
568
568
568
1809
660
412
2046
886
10
2046
1131
653
1590
615
1835
2000
84
1891
1421
1012
1657
568
267
161
238
2057
1182
1147
1037
1182
380
1540
293
2050
1090
1768
759
1540
293
175
293
1151
2057
753
1916
700
822
1674
61
451
1701
1803
946
371
653
660
1701
562
1974
369
1273
1803
174
1687
61
1992
945
1347
568
2046
1260
305
213
1576
167
568
653
822
1188
2057
2046
307
684
568
2046
1044
1939
2046
886
213
1674
1245
568
536
637
2046
383
2018
1687
2057
1090
1904
1211
1904
1062
1588
1904
1062
787
1034
101
2046
1049
213
1090
1904
1062
983
2057
568
1674
1638
371
1103
1921
1696
1026
350
781
1665
401
1968
1107
1626
1107
555
1904
536
1626
28
1421
1107
1891
635
123
568
653
1924
1790
568
1326
568
1326
1790
1162
302
886
1786
124
1553
690
2057
138
1521
822
2057
401
1767
1992
1790
1872
670
1904
653
684
962
61
568
637
1049
335
2050
1970
536
637
886
1701
2046
1353
653
1197
653
1373
2048
1461
17
93
1874
41
1770
2057
2073
322
565
1197
1979
1090
780
1876
1353
653
721
933
2046
218
1910
537
137
278
1856
1415
1904
536
2012
1090
565
653
41
41
1655
1790
2057
1406
536
2012
1090
167
780
61
771
1082
1542
759
335
1705
39
1989
1416
536
2012
1804
61
2000
568
1326
284
1945
753
1147
353
759
200
1705
1294
1098
95
1559
1051
492
1496
951
1051
492
1533
1733
1856
1790
1904
673
2068
653
1537
653
653
1095
536
302
106
653
536
1537
2049
2057
1320
653
195
1416
1989
1416
536
536
2046
536
1416
886
653
195
637
2008
1646
536
653
369
1687
1701
653
1786
653
1537
422
1362
20
422
2057
174
536
1626
1145
653
1007
653
1537
1016
886
886
1513
653
653
536
1537
1701
163
1011
286
1090
243
780
1883
1701
1568
1674
1552
1402
759
1035
857
1753
857
759
1687
302
822
1696
1408
1891
1435
693
814
693
886
1904
536
653
1537
2046
673
173
942
1256
790
1854
1904
653
380
536
1831
1537
553
1468
568
653
1917
1037
28
2012
458
458
1480
292
28
1831
2012
739
1664
1107
1630
1724
2012
337
739
31
1107
1630
1724
507
986
1674
1121
1863
236
1292
1786
124
237
1863
1194
473
1835
807
401
167
653
612
2057
235
436
189
1537
2046
1896
2057
1542
759
487
568
377
1945
272
61
1121
94
759
843
727
1790
759
568
2046
886
653
568
2046
22
93
108
759
1672
93
1421
2046
568
1326
492
101
23
1310
652
487
1280
568
653
568
536
28
1441
2012
167
801
1472
1682
743
1222
20
2040
2049
2040
2057
1590
1488
340
167
2012
1674
568
2046
67
28
1110
1552
1576
167
1097
416
1168
1552
383
182
1789
660
951
1151
1600
2046
912
1010
1687
693
1941
642
1989
553
137
41
167
1777
1904
1111
778
1687
1168
568
1326
1687
1107
555
1904
536
1626
28
1203
955
1542
759
1674
456
536
1748
267
307
124
1835
189
1098
95
1496
84
1315
1436
976
137
920
89
715
1633
89
1633
1904
89
1633
920
89
1055
1468
1891
1103
568
1077
1684
1531
1096
1082
840
759
1705
1674
913
2057
822
1188
2057
1753
1273
1269
1687
1370
1696
1268
1891
1493
1421
1891
1273
388
1891
1273
1273
1269
1687
1687
416
1275
1269
318
868
1472
349
641
1344
1344
61
1657
1344
349
1421
1055
1701
1162
1786
653
1824
1051
492
1273
1269
670
1904
653
976
2057
1187
641
1051
1035
587
1128
822
1790
387
1939
1468
568
653
211
759
1701
578
959
753
1960
670
1665
1786
305
1877
1344
1665
1960
1789
733
1687
1674
1261
1322
1097
434
1429
207
543
292
996
500
1941
1308
1042
1103
1166
309
826
461
892
1524
895
1097
390
555
993
1780
721
428
93
1322
543
1137
1090
1097
1166
428
292
541
353
1789
995
1260
163
1213
1701
1137
1090
1524
1495
1097
2057
1090
149
1166
95
1655
2057
93
1235
726
1097
291
824
1685
376
1809
826
293
461
1790
1896
1250
122
1790
122
1097
122
1472
218
835
983
291
188
189
1034
1812
1097
1726
2046
541
2046
291
104
440
2046
47
541
1872
65
302
660
1328
518
1701
293
1090
986
61
1674
1857
892
314
500
1941
1472
1042
1016
1789
1296
1103
500
1941
568
1322
715
1789
1322
302
1472
1789
2057
390
69
2068
2068
2068
1388
660
1995
728
1097
1537
533
689
1542
759
232
1914
9
1322
1097
302
305
2027
1097
72
1396
1235
189
1457
996
2067
1308
1114
514
1097
293
983
2067
590
615
1563
450
2067
1018
1042
44
1552
1943
689
759
1118
763
70
1016
763
1308
1945
1520
1408
985
278
1213
137
1408
985
1674
1495
1648
1532
615
1457
1789
615
670
481
649
385
615
404
292
481
189
1073
1097
1789
615
1537
1674
217
1952
759
401
282
1350
1295
926
1924
1205
1107
1891
1308
1400
2056
1308
353
94
1400
770
106
2038
1077
1776
400
1262
1308
500
2008
1131
653
1941
814
1400
1907
1077
1205
1400
1540
45
1701
61
913
1738
349
353
1103
307
1400
1879
348
655
1879
2057
1335
1067
1273
644
384
1763
709
977
1979
101
1503
1421
1696
1268
1891
1493
1421
28
307
1400
655
1746
1879
754
1743
913
1107
1891
1421
1333
1092
1238
1092
1421
1077
684
1891
1103
1552
1067
1763
1273
1552
519
1468
568
1786
811
1256
985
653
1816
1688
1224
1790
736
1031
736
1702
1891
293
1891
293
1891
293
1891
293
1891
1103
1665
1891
1103
1665
1891
1103
1665
1420
1077
1665
1420
1702
1328
1315
1349
1328
1328
246
736
1328
736
736
1031
736
1702
1891
293
1891
293
1891
293
1891
293
1891
1103
1665
1891
1103
1665
1891
1103
1665
1420
1077
1665
1420
1702
1328
1315
1349
1328
1328
246
736
1328
736
1790
1905
1503
1421
1696
1268
1891
1493
1421
28
307
1400
655
1746
1879
754
1743
913
1107
1891
1421
1333
1092
1238
1092
1421
1077
684
1891
1103
349
101
1503
1421
1696
1268
1891
1493
1421
151
1035
1873
913
1107
1891
1421
1333
1092
1238
1092
1421
1077
298
10
685
446
1897
759
2057
307
1701
1222
528
96
1696
1891
2057
1876
469
1927
2019
1701
1697
1876
469
154
2057
1879
1524
1876
469
1696
1891
1876
1035
1540
754
1375
653
976
1132
1941
2049
513
1108
243
715
1132
1360
349
1035
1035
151
387
1696
1408
2057
269
1876
469
2059
1942
1243
2059
1876
1696
2057
1952
857
1916
759
1696
1891
1876
759
1055
1876
469
753
740
1421
1012
753
1132
1873
753
1769
1620
2009
1035
1540
973
951
1377
709
1662
1769
519
78
1035
951
368
1081
1696
1408
1435
1238
351
1317
1175
868
868
2057
1028
1730
1540
101
1503
1421
1696
1268
1891
1493
1421
151
1035
1873
913
1107
1891
1421
1333
1092
1238
1092
1421
1077
298
10
1035
951
1267
1569
951
1524
1879
1876
469
1696
1891
1876
1162
1824
641
492
670
1904
568
653
1787
1809
660
1835
568
1327
1600
653
653
1446
976
886
653
61
1657
349
1905
1503
1421
1696
1268
1891
1493
1421
1540
1107
1891
1421
1333
1092
1238
1092
1421
1077
684
1891
1103
1421
1077
568
1891
1103
101
1503
1421
1696
1268
1891
1493
1421
1540
1107
1891
1421
1333
1092
1238
1092
1421
1077
684
1891
1103
1421
1077
568
1891
1103
592
1188
653
1742
1877
653
1891
293
653
291
416
2057
1606
592
1188
653
305
1701
293
1696
1408
1891
1877
1697
1552
884
1079
1421
1151
1012
1892
653
1032
976
1007
653
653
1789
1738
1217
653
1194
829
670
1890
225
866
1472
589
1441
1182
458
662
976
1145
1182
843
568
653
1028
293
349
45
1028
293
660
2000
1648
1647
996
1789
1231
1102
557
568
161
293
1913
613
35
1285
1647
1885
1884
175
65
986
1996
632
759
293
2057
1874
2027
35
818
1809
660
1328
2034
1166
985
818
116
1754
293
293
137
56
1668
653
1032
976
1687
568
653
1877
293
1996
525
670
826
62
744
736
1247
980
380
684
246
736
1891
293
458
1891
293
458
615
458
458
458
1891
293
1891
293
1891
293
1891
1103
1891
1103
1891
293
1891
293
1891
293
1891
293
1891
1103
1891
1103
1665
1891
1103
1665
1891
1103
1665
1891
1103
1665
1891
1103
1665
1891
1103
1665
1891
481
1891
481
1891
684
1561
293
225
1790
409
803
991
1505
1701
803
35
818
17
1469
1891
293
306
590
306
590
306
590
1065
1065
1687
842
768
349
653
741
1649
1850
1878
1989
655
1932
794
1503
1421
1696
1268
1891
1493
1421
653
1665
1326
2057
741
913
1107
1891
1421
1333
1092
1238
1092
1421
1077
684
1891
1103
1421
1077
568
1891
1103
101
1503
1421
1696
1268
1891
1493
1421
653
1665
1326
2057
741
913
1107
1891
1421
1333
1092
1238
1092
1421
1077
684
1891
1103
1421
1077
568
1891
1103
585
1790
39
189
1790
655
89
655
28
1400
655
1400
1400
89
89
1766
89
653
806
2057
1523
891
778
10
444
1646
10
655
2057
1222
1646
10
1863
1037
266
886
653
1257
886
474
2057
822
3
568
653
1786
759
1510
500
1941
276
653
353
1786
568
2046
568
2026
1116
1891
1931
432
759
1600
2046
1103
1540
568
1835
1979
41
1275
653
1353
1907
1941
653
653
1353
1166
1750
291
1898
615
653
1590
1789
890
915
1256
941
655
1790
1226
77
1269
1273
1269
844
77
615
2017
1269
1273
1269
844
77
1256
941
655
1790
1480
1053
723
653
1108
690
2057
921
691
641
1273
1856
2054
1696
1942
1891
1646
1891
1273
641
1273
1269
1243
1273
1790
1269
1273
1269
1790
821
1930
96
1273
1398
1753
1051
492
1078
1151
1518
822
1698
506
95
2000
1151
1700
1874
641
296
1151
411
1025
1701
1185
1020
1698
189
294
436
1540
843
267
1696
1891
1436
401
1907
1241
1646
721
490
45
822
1255
1701
1569
1540
101
1503
1421
1696
1268
1891
1493
1421
843
267
1107
1891
1421
1333
1092
1238
1092
1421
1916
913
1162
844
39
553
1273
1390
1269
1273
641
1269
844
596
1650
615
2017
39
446
1436
653
815
1924
904
339
1846
1941
615
2017
120
844
852
2016
42
2008
1308
2008
1162
39
690
1273
1390
1269
1273
641
1269
844
596
1650
615
1273
1390
759
2061
612
369
1308
843
267
1552
1090
1231
568
39
1260
104
680
1293
253
651
1944
683
220
1337
506
1891
662
1308
844
615
1282
500
1941
721
1588
1103
1424
1103
1878
615
1090
1235
1299
644
913
500
1308
129
1235
1016
913
2029
1701
340
1959
401
500
1941
1308
2071
653
1929
1275
758
750
1107
778
1646
1097
1075
1646
1941
615
2017
1075
535
1440
109
1646
1941
750
1107
778
721
1646
1941
615
1646
1097
1075
1646
1941
615
2017
1075
1901
1053
1440
1941
966
750
1539
1107
778
721
1646
1941
615
2017
1646
1097
1646
1941
615
2017
807
1701
1835
670
153
500
1558
874
844
608
2016
931
761
761
1101
1687
826
101
1503
1421
1696
1268
1891
1493
1421
843
267
1107
1891
1421
1333
1092
1238
1092
1421
1916
101
1503
1421
1696
1268
1891
1493
1421
1090
568
653
770
930
1231
568
1142
559
870
1440
105
615
2017
1932
1439
851
1671
913
1107
1891
1421
1333
1092
1238
1092
1421
2038
684
992
1891
500
10
1421
1077
568
1891
500
1421
1077
568
992
568
1326
101
1503
1421
1696
1268
1891
1493
1421
1090
568
653
770
930
1231
568
1142
559
870
1440
105
615
2017
1932
1439
851
1671
913
1107
1891
1421
1333
1092
1238
1092
1421
2038
684
992
1891
500
10
1421
1077
568
1891
500
1421
1077
568
992
568
1326
31
1789
1424
983
109
25
1240
879
615
1941
274
986
1075
775
1016
1107
2012
763
50
1075
1843
342
1045
986
1983
1786
759
770
689
1786
1986
189
2001
1910
1520
42
915
152
1290
1045
687
1110
349
1685
780
122
1184
316
137
845
1809
660
3
653
1701
681
664
660
153
1231
568
349
1371
568
1102
514
1271
785
1909
1175
723
553
1175
2053
1530
61
349
1102
2057
1512
612
1063
184
1850
1299
2011
1640
188
2057
2065
2011
1053
1999
1524
1524
1999
1447
131
1185
1315
538
790
553
1289
78
602
1173
80
1183
131
1552
1924
759
1916
1053
131
255
1185
1703
49
1510
983
1814
49
1069
1524
184
1404
2011
1524
95
1687
759
939
692
1496
913
623
646
1436
332
1696
644
2057
1328
332
1211
1883
1701
2057
1016
121
1381
1389
1637
140
1436
1696
1687
957
249
1098
413
95
1674
296
108
1790
1029
1107
692
127
800
1098
993
692
1353
1526
527
49
2057
822
1472
1789
1315
781
1297
1360
95
1185
1107
1891
1891
1299
144
444
131
1275
1185
49
1265
644
1381
692
1052
1792
1999
1098
644
1158
1711
2058
1701
644
623
1183
692
416
1434
1885
1098
801
692
198
357
1015
644
777
140
1022
413
95
2057
759
1154
473
1885
1687
1786
759
653
1916
1807
1098
444
1299
1275
1185
1703
732
1512
644
1640
1944
1654
759
296
465
976
1104
1524
1496
1738
692
1164
1923
1408
320
1922
1866
1860
346
1687
1660
531
987
443
2057
1315
690
1703
692
721
750
568
1107
778
1217
778
311
2009
778
179
2009
1736
1217
132
401
1496
505
1385
993
493
443
291
1698
1524
413
95
1913
443
1385
858
349
924
1540
2057
1055
961
1028
553
715
343
1790
578
1745
293
1686
1035
293
768
947
1107
1408
1891
1877
1697
39
653
1786
707
568
293
2061
353
553
568
175
1035
293
1828
